0 14 18 11 13 17 10
10 14 16 4 18 8 15 11 19 9 0 7 13 3 5 1 2 12 6
11 14 16 4 18 8 15 19 9 0 7 3 17 1 5 12 6 10
13 16 4 8 9 0 7 3 17 1 12 6 10
14 16 4 8 11 19 9 0 7 17 5 6 10
17 14 4 18 11 19 9 0 13 3 1 12 6
18 4 11 0 3 17 1 12 6 10
1 18 11 19 13 17 12 10
12 16 4 18 8 15 11 19 9 7 13 5 17 1 2 6 10
19 14 16 11 9 17 1 5 12 6 10
2 15 12 10
15 4 8 11 9 3 5 2 12 10
3 18 15 11 13 17 10
4 14 18 15 11 13 17 12 10
5 14 16 15 11 19 12 10
16 14 8 11 19 9 7 13 5 12 10
6 14 18 11 19 13 17 12 10
7 14 16 11 13 12 10
8 14 16 15 11 13 12 10
9 14 16 15 11 19 13 17 12 10
