0 24 11 17 25 21 32 14 22 37 47 31 18 29 23 13 10
10 38 21 47 2 18 34 12 22 9 11 33 35 19 3 16 36 41 48 29 13 45 8 7 27 43 5 14 23 1 4 25 0 28 6 31 30 20 15
11 42 38 21 10 32 47 44 18 34 12 9 24 35 19 3 16 48 40 8 7 5 14 23 1 17 4 25 0 28 39 49 6 26 30 20 15
13 42 38 44 22 12 9 24 3 16 41 48 29 8 7 46 23 1 17 4 25 0 28 39 49 6 26 30 20 10
14 21 10 44 9 24 11 19 16 29 37 40 8 7 23 5 17 4 49 0 6 26 20 27
17 21 32 47 18 12 22 9 24 11 3 13 37 40 45 14 1 39 4 28 0 6 31 19 27
18 1 11 17 4 25 0 39 3 37 6 26 31 47 27 35 23 12 10
21 1 11 15 17 33 0 8 35 14 37 26 31 41 30 29 5 12 10
22 33 15 17 0 13 34 3 6 16 41 5 12 10
23 42 11 0 8 13 14 16 36 18 19 12 10
24 9 1 11 17 4 35 0 38 13 14 3 46 30 29 43 12
25 11 0 8 13 3 37 7 18 12 10
29 45 24 0 21 14 3 16 12 19 13 10
31 9 17 0 21 6 2 43 18 12 10
32 11 17 28 33 0 39 3 26 16 36 48 46 30 12 27
37 18 17 25 35 0 21 49 12 20 14 15
47 11 17 0 34 3 18 5 12 10
1 24 11 17 28 21 13 36 41 30 18 19 34 12 10
12 42 21 10 32 47 2 44 18 34 22 9 24 11 35 19 16 48 29 13 37 40 45 8 7 27 43 5 23 1 17 4 25 39 6 26 31 30 20 15
19 9 45 1 11 17 33 14 29 23 6 16 36 20 5 12 10
28 9 1 11 17 38 8 32 7 16 13 10
30 1 24 11 15 39 21 8 13 32 16 46 12 10
34 40 45 1 11 33 39 49 22 3 47 16 44 41 43 20 5 12 10
36 1 33 38 8 32 23 7 16 48 19 5 10
41 42 1 39 21 22 3 6 16 34 13 10
2 39 10 31 26 48 12 15
15 9 11 4 21 8 22 3 37 2 30 5 12 10
26 9 40 42 11 39 21 13 14 32 6 2 18 5 12
39 18 11 17 32 2 26 41 30 12 34 13
48 11 13 32 7 2 36 46 5 12 10
3 15 32 47 44 18 34 22 24 11 33 41 29 13 20 27 46 17 25 49 35 10
20 40 45 42 11 13 14 3 37 16 43 19 34 12 10
27 33 17 4 38 8 32 14 3 7 46 18 5 12 10
33 9 40 49 21 8 32 34 3 36 27 19 5 22 10
35 24 11 4 21 3 37 6 46 18 5 12 10
44 42 11 38 4 13 14 34 3 5 12
46 40 45 24 32 3 7 48 30 35 13 27
49 9 11 33 14 3 6 7 34 13 37
4 24 11 15 17 13 14 44 27 18 35 12 10
5 15 21 47 44 34 22 12 11 33 19 16 36 48 45 27 43 14 26 35 10
16 42 38 32 34 22 12 9 11 19 36 41 29 13 45 8 7 43 23 14 5 28 30 20 10
43 42 24 34 31 16 20 5 12 10
45 17 20 34 29 6 16 46 19 5 12 10
6 45 42 11 17 35 38 49 13 14 22 26 31 41 18 19 12 10
38 42 24 11 28 8 6 16 36 27 44 13 10
42 11 38 13 6 26 16 44 41 43 20 23 12
7 40 11 25 28 49 13 14 16 36 27 46 48 12 10
40 9 11 17 33 14 7 26 46 20 34 12
8 11 15 25 28 21 33 13 14 38 16 36 27 30 23 12 10
9 40 24 11 15 17 28 33 49 13 14 26 16 31 19 12 10
