0 73 35 66 49 12 37 86 42 14 36 50 29 80 64 71 90 10 39 67 9 22 26 13 24 46 18 20 8 68 56 92 89 21 5 72
5 35 49 44 6 91 84 14 31 58 50 59 69 63 80 64 10 39 67 74 9 22 38 17 1 3 13 26 27 24 19 46 7 95 0 20 8 15 61 56 51 47 89 2 4
8 1 26 24 5 57 40 23 0 6 4 20 39 15 14
9 35 49 44 12 6 34 23 42 31 62 36 63 10 93 81 39 67 79 97 38 55 74 1 41 13 32 19 0 88 16 21 5 53 43 4
10 55 36 13 30 24 5 7 64 40 0 4 84 9 14
12 44 6 34 50 59 29 80 25 93 9 98 65 38 27 19 7 0 68 16 4
13 75 36 11 21 5 72 60 90 10 0 37 15 9
14 28 41 59 30 46 19 5 7 21 40 10 0 8
18 77 1 3 47 35 0 6 43 81 15 22
20 65 74 1 5 42 64 23 0 8 15 33
21 1 13 0 82 9 14
22 61 74 11 29 5 25 18 0 6 48
24 30 5 40 10 0 6 8 91
26 38 16 27 32 5 57 0 8 15
29 78 1 32 54 12 40 0 4 98 22
35 58 3 92 54 87 5 52 18 0 43 9
36 65 13 83 53 60 10 0 37 15 42 9
37 36 1 76 13 49 60 90 0 15
39 17 5 0 8 9
42 68 65 78 36 53 20 0 6 9
46 50 3 76 5 0 86 48 23 14
49 76 83 54 19 5 72 60 71 0 93 37 9
50 51 89 46 5 7 12 0 98
56 16 5 44 0 6
64 5 7 10 20 0
66 11 3 47 69 89 92 60 0 70 96
67 55 5 40 71 0 70 9
68 12 0 6 34 42
71 51 2 49 0 67 88
72 17 13 7 49 0
73 99 3 30 2 7 0
80 74 1 5 12 0
86 11 92 46 25 40 0
89 50 66 5 0 6
90 17 95 13 0 6 37
92 3 35 66 0 86
1 28 6 37 23 75 62 29 69 80 25 70 9 98 65 19 7 18 20 8 77 11 30 21 5 53 43 33
6 28 94 12 34 42 31 62 75 25 90 9 22 45 17 1 3 27 32 24 7 18 8 15 88 68 16 56 11 47 30 89 5 2 52 4 33
7 73 28 94 12 6 91 23 82 14 31 75 50 59 54 64 10 85 81 98 97 38 45 74 1 3 57 78 11 5 2 72 96
11 61 16 51 1 41 13 66 7 6 4 86 33 22
19 45 1 69 5 49 12 84 9 14
23 1 83 46 7 44 20 8 9
25 62 61 1 3 27 83 12 6 86 48 22
28 1 3 7 6 14
30 45 73 1 24 57 10 6 14
33 1 11 20 6 4 96
43 38 77 1 35 18 82 9
53 36 1 4 42 9
62 1 25 6 34 9
65 36 1 12 20 42
69 61 1 66 19 5 85
70 79 1 66 2 40 67 82
75 78 1 27 13 7 6
77 45 1 47 99 18 43
98 50 1 29 7 12
2 58 16 45 73 17 5 7 71 70 6 93 79 97
16 56 11 26 2 12 6 93 9
17 58 55 95 83 5 2 44 72 90 6 4 39
45 77 47 76 30 19 2 7 52 6 81
58 17 3 35 5 2 97
79 87 91 2 40 70 34 9
93 16 95 2 49 12 9 97
97 58 2 7 93 9
3 73 28 99 35 66 6 58 25 46 7 57 18 88 15 61 92 5 96 48
15 36 3 13 26 41 59 5 18 6 20 8 37
48 3 47 46 87 25 22
57 85 3 26 30 7 8
61 11 3 94 69 5 25 85 22
88 3 71 9 6
96 3 59 66 7 33
99 77 73 3 76 40
4 12 6 34 76 29 54 10 9 55 17 95 87 8 51 11 5 52 53 33
34 68 62 32 63 12 6 4 91 79 9
51 50 11 41 5 71 4
52 45 47 35 6 4
54 78 29 35 87 7 49 4
55 17 32 10 4 67 9
76 45 99 46 49 4 37
87 48 54 35 4 79
95 17 5 90 4 93
27 75 26 32 5 25 12 6
31 7 9 6 5
38 26 47 63 5 7 12 43 9
44 56 17 5 12 23 9
47 38 77 45 94 66 5 52 18 6 48 82
59 5 7 12 96 15 14
63 38 41 5 34 9
74 5 7 80 20 9 22
84 19 5 60 40 10
91 24 5 7 34 79
32 55 26 27 29 6 34 9
94 61 47 7 6 81
78 75 29 54 7 81 42
81 78 45 94 7 18 9
82 47 21 7 70 43
85 61 41 69 7 57
40 79 99 41 29 24 60 10 70 84 8 86 67 14
41 51 11 63 40 85 15 9 14
60 36 13 66 49 40 37 84
83 36 17 49 25 23
