0 60 103 148 17 64 10 66 32 29 87 126 133 109 23 83 24 80 170 82 85 173 174 21 107 22 150 13 100 189 37 196 18 91 134 114 147 119 146 92 47 31 54 160 11 188 14 190 151 73 25
10 34 148 159 43 29 94 177 21 57 76 36 77 20 4 38 30 7 12 33 97 0 54 79 151 15 53 48 75 64 118 8 112 95 152 22 52 101 123 6 92 182 47 188 73 67 25 58 27 131 187 41 19 62 23 81 83 82 85 45 84 150 13 194 127 111 114 28 166 160 1 106 69 56 60 137 2 66 35 55 186 65 192 50 59 93 105 108 3 16 18 121 61 5 9 31 11 14 169
11 34 104 141 94 158 113 21 181 77 20 4 96 38 30 7 40 91 12 119 164 0 54 198 15 53 48 75 87 8 172 109 24 95 78 49 156 157 71 116 101 6 39 26 47 67 25 58 131 139 143 19 23 80 100 127 161 111 90 28 42 1 142 163 17 10 32 44 35 55 50 93 105 135 3 16 18 74 197 5 9 14
13 125 60 104 48 17 66 10 124 102 29 41 8 112 126 44 23 24 82 117 85 153 199 72 57 49 152 22 93 156 194 20 46 4 116 38 149 3 30 98 111 16 7 91 12 119 6 146 39 26 28 90 42 92 1 0 9 79 63 73 67 25
14 53 27 148 154 17 165 10 110 139 141 29 8 126 171 44 19 62 23 81 24 80 109 184 78 183 113 84 21 174 49 192 76 176 50 199 93 157 180 20 108 4 52 96 101 123 37 161 16 7 40 121 114 97 6 155 26 129 166 5 0 9 51 54 63 11 70 160 106
17 27 88 102 32 68 143 187 193 87 126 172 19 24 80 55 184 153 45 174 21 22 59 13 108 144 4 101 123 37 3 120 121 18 40 134 12 6 39 28 74 182 185 47 1 0 9 31 162 11 168 14 69
18 27 159 17 66 10 118 112 23 35 173 113 72 50 59 93 150 4 37 3 120 91 134 12 6 146 39 26 47 1 0 31 11 198 25
21 15 159 17 10 29 41 8 126 172 81 35 95 130 144 37 30 12 33 26 5 1 0 31 11 14
22 34 15 175 17 124 10 94 41 113 57 13 99 3 16 91 12 33 6 155 92 5 0 54 79 70 142 190
23 154 165 10 8 177 19 109 95 184 76 36 13 135 16 18 12 155 42 0 11 14
24 43 17 29 133 136 81 80 35 82 152 50 13 46 4 38 3 30 12 74 1 9 0 11 14 69
25 8 12 104 81 74 0 37 131 3 11 10 145 174 199 7 18 106 13
29 12 19 24 0 3 45 10 21 98 14 16 139 106 186 13
31 12 6 136 9 0 2 17 43 10 21 18 59
32 179 103 27 48 159 17 64 87 177 183 65 36 77 150 99 108 46 86 135 123 196 3 30 120 178 16 140 12 33 61 39 26 28 92 166 185 0 197 168 11 190
37 15 53 159 17 89 68 193 35 183 21 132 49 176 77 20 127 144 123 178 18 12 119 0 14 107 25
47 34 137 104 103 17 89 10 110 83 183 59 77 99 116 3 120 18 12 166 5 0 11
54 2 66 10 41 171 133 170 55 49 22 157 98 12 9 0 79 63 11 14 73
60 34 56 164 20 4 0 10 7 50 41 13
64 145 165 10 32 143 126 44 133 35 36 100 71 101 38 12 119 6 146 0 51
66 125 137 163 88 131 89 145 10 143 41 87 133 19 158 199 49 77 13 105 150 99 20 149 7 91 18 155 185 0 54 142 190 107 69
73 75 43 124 10 44 81 181 152 192 13 130 108 121 7 12 42 0 51 54 106
80 12 39 138 152 24 5 0 17 11 115 111 49 14 68 195
82 125 89 10 102 126 171 19 24 117 157 13 99 20 111 7 40 114 97 61 129 5 0
83 12 34 97 46 4 47 1 0 117 186 10 107 36 69
85 58 130 194 19 104 0 106 59 43 88 72 10 162 151 198 16 50 13
87 44 95 5 0 135 79 163 17 11 66 139 184 32 40 50 107 150
91 182 35 5 1 0 42 66 11 22 115 118 18 107 13
92 12 62 127 27 1 0 48 10 132 32 22 13
100 12 194 81 96 9 0 3 11 30 64 145 161 192 122 36
103 112 15 26 135 5 9 0 47 153 159 161 98 32 69
107 147 133 127 83 5 0 37 3 66 98 198 91 106 87
109 34 56 146 23 0 38 154 89 11 188 192 14 16 134 41
114 44 137 39 152 155 170 68 0 82 131 30 113 10 14 7
119 12 26 5 0 78 37 11 64 65 13
126 20 71 42 0 82 17 64 21 162 14 13
133 12 172 127 24 197 5 9 0 54 66 64 107
134 8 12 164 146 19 109 96 182 42 175 0 17 65 139 188 18
146 134 12 33 109 81 0 51 196 64 18 13
147 156 136 158 35 1 0 75 78 153 98 16 107 41
148 12 171 6 15 177 42 5 9 0 168 191 10 98 14
150 5 1 0 101 66 10 141 32 18 87
151 8 12 34 99 137 179 170 0 85 43 154 72 10 161
160 15 4 5 9 1 0 183 72 10 186 14 69
170 33 15 172 0 54 45 65 151 7 67 114
173 46 52 18 0 2 43 63 72 195 68 40
174 12 14 97 189 0 183 17 113 192 16 7 198 36 25
188 39 86 53 109 27 0 30 10 141 134
189 171 56 5 1 0 75 2 101 174 65
190 12 34 76 0 66 110 32 22 187 93
196 12 108 146 4 26 0 43 161 32
1 34 104 163 75 131 17 154 10 141 118 41 19 83 24 186 21 65 132 36 156 150 13 194 189 52 30 161 98 18 91 12 147 61 28 92 160 11
12 34 104 148 43 154 165 29 174 21 57 181 77 20 4 30 7 40 134 119 146 54 128 70 151 198 15 53 179 48 64 8 172 136 138 24 184 72 22 157 52 123 98 140 6 39 26 92 47 51 73 25 27 131 89 115 110 133 19 62 23 83 80 45 84 191 13 100 127 144 196 161 42 166 1 106 56 163 2 17 10 32 44 35 117 50 59 105 180 99 37 16 18 121 74 5 9 31 11 190 122
19 17 66 10 89 139 165 29 23 82 85 45 36 105 99 20 71 101 16 134 12 33 6 129 5 9 1 11 14 67
28 8 171 97 81 90 116 9 1 38 17 11 10 32 178 16 7 140 13
30 15 10 32 8 24 21 181 192 13 100 194 46 86 16 114 12 61 39 1 11 188
34 60 163 88 43 10 139 102 193 187 41 44 62 109 83 55 45 132 49 192 76 22 50 20 127 149 3 16 40 12 33 39 5 1 47 11 190 151
36 48 64 10 141 165 102 32 193 8 19 23 83 174 100 194 71 86 38 111 16 7 140 33 5 1 51 67 69
41 34 60 175 66 115 10 141 68 187 112 109 95 117 113 186 21 22 176 13 105 130 71 3 120 16 147 164 6 39 42 1 51 54 70 169
52 15 27 10 172 136 55 184 78 173 77 144 3 7 12 129 42 5 1 63 14
61 97 44 1 82 30 10 32 49 16 7 50 69
65 10 193 32 94 170 45 113 49 46 189 134 119 6 26 74 197 42 1 51 79
75 147 164 189 5 9 1 123 3 11 10 162 192 16 7 67 73 156
98 15 103 148 145 118 29 78 153 13 20 71 16 12 147 1 54 128 142 107
104 12 44 74 47 1 85 11 72 13 176 25
118 171 74 1 38 91 101 3 10 98 49 18
131 12 114 1 128 66 11 10 7 69 25
132 33 34 127 92 1 38 37 2 101 113 149 152
141 99 15 41 71 1 45 11 70 188 14 36 157 150
154 8 12 109 23 144 1 115 151 14 122
156 147 97 108 155 1 75 11 139 68 13
161 12 100 103 1 196 3 11 45 72 178 14 191 151
163 12 34 127 167 5 1 38 45 11 66 186 87
186 83 163 160 1 45 70 10 29 50 41
194 100 1 51 85 30 115 10 7 36 13
2 56 15 137 48 10 68 136 167 95 55 78 173 72 132 181 59 50 130 108 144 189 121 12 39 26 31 54 79 128
15 58 179 103 148 2 10 110 141 68 8 171 167 158 95 170 78 153 21 22 157 180 71 4 52 96 116 37 3 30 98 12 5 9 51 160 11
26 103 2 32 78 183 72 21 65 13 130 196 178 40 18 12 97 6 119 39 42 5 9 11 14
39 34 125 2 17 124 32 41 138 80 113 72 84 13 108 86 30 120 18 114 12 26 90 79 63 11 162 188
48 12 137 46 90 92 5 88 2 11 10 32 110 7 36 140 13
50 34 58 60 53 2 89 115 10 145 68 94 87 8 24 95 55 85 186 20 111 18 140 12 61 129 11 14
55 34 52 129 5 54 2 17 11 10 45 121 50
56 12 60 46 109 4 96 189 78 2 3 43 10 45 40
59 12 6 47 31 51 85 2 17 10 57 18
68 156 15 80 158 5 37 2 3 17 173 111 49 40 50 41 114
72 104 2 165 172 35 85 173 45 176 13 161 18 12 6 39 26 90 160 51 151 169
78 147 56 15 6 119 26 52 53 179 2 128 11 165 98 49 14 191 195
79 87 99 39 81 138 35 42 54 185 2 10 57 65 181 22 13
95 15 23 88 2 11 10 21 111 50 41 87
108 187 39 127 197 42 5 166 2 17 45 10 196 14 32 73 156
121 12 137 177 76 5 55 2 17 10 14 16 73
128 12 6 44 127 167 197 78 131 2 120 98 142 102 69
130 20 144 26 167 175 85 2 3 88 21 49 73 193 143 41
136 12 147 20 52 74 24 135 175 31 2 43 45 139 143
137 8 179 5 47 48 2 43 66 10 142 121 151 114
144 12 130 52 116 38 37 2 17 154 21 181 7 187
167 15 130 20 197 35 163 51 2 128 70 7
181 12 144 116 135 79 2 3 11 30 73
3 34 56 15 58 53 27 75 17 145 10 118 32 29 68 143 41 193 171 44 24 35 158 199 49 181 22 13 180 100 130 20 46 71 52 86 106 161 120 18 33 90 74 129 47 63 11 67 107 25
20 34 60 53 175 43 66 10 102 187 126 136 19 62 167 82 45 84 50 13 105 130 37 3 98 16 40 12 164 90 42 166 51 11 14 122
27 175 17 10 32 94 8 184 153 46 4 52 38 3 178 7 18 12 33 97 92 129 5 188 14 122
33 34 27 10 32 8 19 170 199 21 132 49 22 36 3 40 146 5 9 70 67
35 122 64 10 102 94 112 167 24 72 21 76 46 4 135 123 37 3 91 18 12 147 6 5 51 79 63 11 106
44 34 58 104 179 64 139 87 81 117 13 4 96 101 38 149 3 114 12 61 42 5 166 128 11 70 14 73 69
46 56 27 48 32 83 24 35 153 45 173 65 76 13 71 3 30 7 40 155
49 34 66 118 68 177 138 80 78 153 199 65 13 99 130 86 127 37 3 7 33 164 6 61 9 54 11 14 122
53 12 20 138 5 78 37 3 11 10 84 89 14 16 188 50 143
58 15 44 5 9 85 88 3 11 10 45 115 50 77
63 6 39 52 35 9 54 173 3 14 16 13
67 75 10 19 170 45 152 76 93 36 13 105 71 86 3 33 155 5 9 11
71 126 15 41 19 46 9 106 3 11 64 84 98 141 67 36
74 8 12 125 136 104 24 42 168 3 11 17 65 118 16 143 25
86 169 39 135 183 3 30 45 32 49 142 16 162 67 188 36
90 8 20 39 28 5 48 3 11 72 113 115 176 13
106 12 71 116 35 175 85 3 10 107 14 29 73 140 25
120 39 96 182 42 47 128 3 17 124 32 18 122 41 69
129 19 52 197 27 51 55 82 159 3 14 50 187 69
143 6 130 136 53 74 3 11 17 64 66
145 100 3 64 66 70 98 115 139 50 25
158 147 97 15 68 3 11 45 66 102 7
171 15 189 28 148 54 82 88 43 3 191 118 14
180 8 12 102 15 172 116 3 45 14 7
193 34 99 130 177 37 168 3 17 65 36
199 8 33 177 3 25 66 49 14 16 13
4 56 15 60 27 17 10 94 44 83 24 35 84 157 13 196 18 12 160 11 14 169
84 12 20 39 4 53 71 152 9 184 10 14 16
94 4 35 5 27 11 10 57 65 22 50
157 12 99 15 4 5 54 82 168 11 141 14
169 86 4 117 162 70 10 72 16 40 41
5 34 15 58 137 53 103 27 48 148 75 43 88 163 10 110 68 94 187 87 44 19 62 133 80 35 55 82 183 45 191 21 22 36 157 150 108 189 52 96 135 16 91 121 12 33 97 119 26 90 185 47 51 160 168 11 14 67 107 69
16 34 53 75 43 10 110 32 29 41 8 172 19 62 23 109 138 85 199 45 84 174 191 152 22 36 93 77 13 20 86 38 30 178 98 7 121 140 12 147 61 28 74 182 42 5 9 166 185 63 11 70 195 14 169
43 34 56 137 88 10 110 112 171 136 81 24 117 85 173 76 20 96 149 196 16 12 42 5 31 51 168 70 151 73 122
45 34 56 58 163 17 89 10 141 165 102 29 136 19 62 158 170 55 72 65 186 180 20 46 86 108 135 161 16 12 6 5 70 195 67
51 15 175 43 64 110 41 138 167 35 72 65 57 59 36 194 20 12 6 146 129 5 14 122 73
62 8 12 34 20 92 16 5 45 70 10 14 7
69 103 131 17 66 10 44 83 24 36 116 120 7 140 6 61 129 185 5 160 128 195
88 8 34 171 58 130 155 95 5 48 38 85 43 17 66 101 198
96 56 15 97 44 100 164 81 197 42 5 43 124 11 120 14 7 134
97 105 172 61 26 28 83 96 27 5 82 158 174 115 10 14 156
110 12 164 15 81 5 47 48 51 43 14 16 190
135 99 136 86 23 35 5 103 45 11 181 32 87
168 193 138 74 185 5 148 43 17 162 139 32 157
183 8 86 26 5 47 160 37 174 14 32
185 8 116 5 79 168 17 66 16 32 69
187 34 20 108 144 129 5 17 191 10 7 190 41
191 12 171 42 5 148 78 161 102 16 187
6 148 17 64 10 124 143 41 177 19 35 78 117 45 72 65 57 49 76 22 59 176 13 101 38 18 12 26 42 31 51 128 63 11 14 69
38 125 163 27 88 124 64 10 118 8 44 109 24 132 36 13 144 16 6 28 197 42 11
42 148 43 102 41 126 44 177 23 191 65 57 192 13 20 108 52 96 38 149 120 16 91 134 12 6 26 74 79 11 142 195 73
57 8 12 6 42 9 51 79 115 10 22 59 94 13
76 34 6 177 46 23 35 9 43 10 14 121 190 67 93
101 6 44 19 189 179 9 88 17 11 10 64 113 14 118 132 176 150
117 12 6 169 44 83 182 82 43 89 162 139 111 41 13
124 6 39 96 182 38 162 115 120 195 73 7 22 13
176 105 6 104 90 9 101 37 72 14 41
177 164 6 193 121 23 76 42 148 199 10 49 32
7 60 27 48 159 75 131 66 124 10 187 112 62 167 158 170 82 113 174 49 36 13 180 194 46 144 52 96 116 123 111 16 40 114 12 61 155 28 11 142 14 73 69 25
40 34 56 17 89 68 87 82 153 173 20 46 7 12 33 26 166 9 11 14 169
111 80 95 68 82 117 11 10 7 50 36 13
112 35 103 43 70 10 7 18 41 13
113 39 90 101 149 174 22 11 65 132 14 7 18 41 114
116 180 15 144 28 185 47 9 11 181 102 7 106 69 13
123 12 35 37 75 17 10 32 14 7 77
142 137 86 42 184 159 128 66 11 115 98 7 22
155 46 23 88 153 66 14 7 22 67 156 114
159 129 103 37 89 10 32 21 142 7 18
8 125 15 137 179 27 88 154 10 102 62 23 183 199 21 57 50 36 13 180 38 30 16 134 12 33 28 74 90 185 11 14 151 25
102 8 180 34 20 127 116 158 35 42 82 182 128 17 45 191 36 13
125 8 39 74 9 38 82 66 13
179 8 12 15 44 137 101 78 165 32 151
9 125 15 58 103 148 175 75 17 10 198 133 19 24 84 57 49 76 176 93 13 105 99 100 71 116 101 149 178 16 40 12 33 26 28 160 31 54 63 11 14 67
93 76 190 9 11 10 70 14 16 18 67 13
99 12 193 19 138 135 47 9 82 79 66 141 49 32 22 151 157
105 12 97 20 19 9 66 11 10 122 176 67 41
149 34 44 42 9 43 66 113 132 13
175 134 130 20 136 27 9 51 195 22 106 41
178 26 28 27 9 37 89 70 161 32 16 198
198 12 182 9 85 88 174 11 178 18 107
77 12 58 52 47 123 37 66 11 10 32 16
81 100 44 146 28 96 24 79 43 10 21 110 14 73 140 25
127 12 34 108 133 92 163 37 128 11 10 132 49 102 107
152 114 24 80 162 84 10 132 73 16 67 13
166 12 20 44 108 47 10 32 14 16 40
182 134 117 17 115 10 120 124 102 16 91 198
192 34 100 109 42 75 30 174 10 14 73
139 134 34 44 19 136 117 168 145 11 14 29 156 87
164 60 20 177 138 96 75 11 165 110 49 134 41
172 12 180 97 133 52 170 17 11 21 72 16
197 108 133 167 129 96 38 128 11 65 32
70 43 145 115 141 41 112 44 62 167 45 186 22 93 178 16 12 33 14 169
89 12 19 109 53 47 82 117 37 159 45 66 162 178 184 40 50
115 12 97 58 194 138 90 80 182 154 124 70 142 57 145 91 50 41
122 105 12 100 20 35 27 51 43 154 120 49
138 12 99 164 39 53 80 51 79 168 115 49 16
140 12 28 81 48 106 32 16 50 36 69
165 12 164 19 23 179 78 45 64 72 14 36
184 12 23 52 27 17 84 89 142 195 14 87
153 147 15 155 46 103 27 17 98 49 40 13
195 80 42 175 184 78 173 45 124 16 69
162 126 39 86 117 85 75 17 89 124 168 152 169
