0 83 160 196 133 460 468 364 148 150 85 151 286 256 82 119 10 214 288 358 281 31 303 484 174 18 64 73 246 11 462 13 103 14 92 371 221 60 21 23 402 443 353 22 206 87 80 114 488 320 37 333 100 464 188 356 499 91 325 270 372 261 173 213 147 47 54 66 189 25 397 32 134 423 17 395 170 241 299 190 109 251 223 24 260 29 360 107 146 126 486 343 459
10 8 83 160 30 460 159 187 108 148 150 304 137 75 85 151 228 297 256 82 253 169 288 421 58 483 1 31 28 301 484 18 64 73 492 67 11 3 27 332 212 420 462 13 357 494 350 490 14 323 92 481 81 166 396 371 12 211 477 469 60 381 21 95 7 23 9 22 294 472 399 314 114 5 57 34 476 182 277 61 33 300 302 111 106 62 497 188 382 0 274 356 270 352 261 4 308 337 465 47 84 105 434 97 54 186 66 55 69 25 19 121 101 152 334 410 48 192 238 2 6 65 76 41 79 240 77 52 123 370 53 241 328 94 59 93 412 454 461 341 50 251 127 118 56 29 45 290 321 426 475 16 43 20 418 112 35 441 249 15 346 131 194 36 444 343 459 177 38
11 164 8 30 227 354 218 75 256 250 163 377 119 262 10 143 58 1 28 224 18 473 44 439 67 142 267 259 3 212 254 39 229 316 350 14 135 104 230 12 389 222 172 413 21 95 7 23 113 90 427 446 496 326 9 385 472 197 231 87 80 5 34 96 111 359 181 100 479 0 378 156 91 270 352 372 261 429 4 42 271 40 47 105 54 116 157 263 49 205 55 25 268 198 19 101 374 32 48 17 366 395 392 26 6 71 417 264 161 272 77 74 158 53 454 94 93 141 299 220 50 109 204 139 127 24 16 78 20 35 15 467 486 131 305 444 347 38
13 8 30 227 265 85 82 119 10 253 1 28 44 73 67 102 3 39 406 153 350 92 104 396 12 211 60 7 23 90 427 225 402 385 9 22 231 314 57 485 488 300 111 46 125 479 0 156 117 91 292 356 352 4 42 271 116 98 430 263 49 66 495 25 451 152 48 428 17 234 6 26 149 41 79 295 199 296 370 363 298 454 93 220 72 24 124 29 63 285 16 146 20 126 442 112 249 226 194 257 210 38
14 8 160 252 180 184 324 108 148 256 266 243 10 358 421 483 174 44 246 11 27 445 81 166 154 469 222 329 183 21 453 7 208 23 113 276 9 294 472 399 482 114 80 5 110 165 96 37 129 333 106 457 62 382 0 4 391 171 498 40 84 97 54 430 157 49 268 176 19 121 101 334 219 306 51 192 70 17 395 6 26 76 417 405 433 242 161 52 123 199 293 296 313 363 53 317 93 141 155 50 109 139 24 29 63 16 78 20 126 346 347
17 184 282 187 108 297 243 143 281 193 1 31 28 236 174 18 246 11 3 27 102 13 39 153 14 120 221 12 162 349 222 185 172 21 9 22 168 87 80 320 182 37 344 457 464 331 144 0 261 4 365 88 40 47 55 69 19 121 101 32 215 334 134 68 306 6 287 240 123 370 74 59 24 45 290 321 126 376
18 382 403 159 0 468 292 474 91 279 120 150 12 173 233 4 419 59 93 337 250 72 50 209 273 47 23 113 10 118 402 455 66 232 203 25 1 31 236 303 198 399 318 485 312 146 248 112 35 134 11 3 27 423 37 17 6 305 39 494 26 457
21 8 14 30 144 159 0 491 41 81 324 275 448 354 12 389 429 394 398 286 335 409 172 95 498 280 10 214 407 470 29 452 205 414 1 31 236 5 126 267 35 11 423 130 249 15 463 37 33 428 17 305 459 494 26
22 235 92 0 41 79 91 293 270 313 12 454 94 155 213 190 99 113 10 54 175 124 203 16 5 57 418 34 142 246 3 15 467 70 33 17 13 333 237 6
23 8 14 76 135 184 0 474 154 12 155 341 42 95 109 10 446 432 19 18 16 239 165 11 13 36 177
24 14 30 133 0 81 284 370 74 363 12 4 136 82 50 29 9 69 1 80 43 152 35 11 3 17 13 46 38
25 8 323 0 104 481 81 325 199 74 12 304 7 10 258 402 321 303 174 18 345 145 410 11 3 408 37 131 302 13 237 106 322
29 14 0 12 21 465 139 10 186 24 98 45 294 483 19 16 3 306 13 106
31 9 59 136 0 300 21 17 18 2 10 12 6 43
32 196 30 159 108 150 354 303 28 64 312 267 11 3 27 86 254 39 424 103 135 92 289 401 166 120 12 469 329 183 185 413 446 168 339 197 489 231 255 206 87 248 310 61 33 333 46 344 497 0 466 274 261 391 99 179 269 140 374 48 17 26 65 242 77 123 342 241 178 190 204 223 258 260 244 285 475 16 226 486 257 36 444 311 177
37 464 382 449 14 331 435 144 159 0 499 77 123 12 89 53 178 329 183 21 119 273 208 132 127 263 49 244 339 384 25 193 399 176 18 107 312 20 267 35 68 15 332 212 17 376
47 83 0 104 166 295 77 120 370 12 211 137 89 342 390 365 412 59 183 99 278 10 434 422 116 330 18 5 110 439 34 11 3 445 17 395 103
54 14 133 405 0 41 242 79 264 474 240 12 477 171 247 10 98 459 157 49 9 22 63 55 66 203 385 489 360 200 224 367 73 11 423 333 2 170
60 20 164 34 4 56 228 0 41 332 406 13 50 230 7 206 10
64 71 133 460 0 264 230 499 296 12 381 328 119 10 260 459 143 205 263 452 436 301 451 101 44 146 126 145 32 35 165 291 51 319 406 6 36 311 357 100 38
66 133 149 0 289 41 265 356 91 77 199 270 150 158 389 404 137 394 89 342 429 477 155 431 88 163 185 453 7 190 99 105 10 54 362 353 143 49 326 69 321 483 268 388 303 19 18 87 107 20 202 145 142 320 327 492 476 219 131 13 333 125
73 252 0 81 108 12 75 390 337 42 220 209 7 10 54 276 124 281 217 426 200 121 44 43 152 130 51 192 13 311 181 106
80 411 14 0 221 313 12 195 315 24 260 138 49 360 5 115 485 152 11 68 17 111 333 39 424
82 387 449 0 361 117 325 458 429 89 171 299 453 465 7 40 208 204 99 10 97 24 157 340 19 114 5 488 20 126 102 61 346 129 13 111 257 347 125
83 0 401 448 117 295 12 4 286 329 47 243 10 97 186 288 69 1 107 34 36 46
85 287 0 104 373 356 296 352 162 151 416 59 88 72 50 208 280 10 232 58 301 360 198 19 475 16 43 130 212 194 13 254 493 106
87 135 184 0 79 364 150 372 390 256 163 95 50 40 139 66 5 107 44 32 11 17
91 411 331 0 381 256 42 266 118 496 66 22 1 18 5 107 115 35 11 182 13
92 62 32 235 308 334 22 48 27 0 223 1 13 132 127 10 12 326
100 30 0 81 161 12 216 443 9 330 64 145 215 11 3 291 96 122 192 319 194 366 36 457
103 26 135 159 0 433 161 429 465 47 283 276 225 98 9 269 69 321 301 482 5 32 112 249 15 311 153 380
107 83 133 0 401 91 147 243 127 276 98 66 489 198 87 5 106 3 291 319 37 326
109 464 188 14 491 0 41 227 154 89 209 23 56 362 16 439 374 146 34 134 11 192 38
114 30 14 0 433 284 221 137 155 82 7 113 10 447 388 301 44 152 68 201 300 131 212 347 39 170
119 386 328 65 11 0 330 37 264 414 467 13 468 64 5 78 12 26 380
126 20 71 14 0 82 42 21 17 13 340 64 450 494 162
133 0 364 12 172 271 243 127 54 24 66 9 197 384 436 64 5 107 467 333
134 164 8 188 65 405 0 289 378 466 292 272 12 308 42 109 139 175 353 232 484 19 18 146 440 182 96 17 392
146 196 327 387 134 0 51 250 33 81 393 13 314 444 18 109 64 12
147 0 41 468 156 272 279 158 207 75 136 250 98 1 436 16 107 78 267 35 444 359 153
148 191 14 0 400 356 12 171 42 280 10 288 98 9 168 330 340 5 15 177 6
150 386 32 449 66 398 141 0 1 208 18 87 5 10 101
151 8 0 161 154 12 137 85 72 208 99 10 288 179 43 34 246 249 343 170
160 14 323 0 324 363 4 183 72 336 10 186 496 9 69 1 5 440 441 249 15 392
170 67 202 490 241 45 65 151 0 15 172 33 478 254 373 7 114 325 54
173 52 195 63 68 219 0 441 322 72 40 18 46 2 43
174 14 0 393 12 338 207 365 228 183 377 7 113 214 97 189 25 198 475 16 192 226 277 420 17 238 36 380
188 53 30 134 317 86 27 141 0 109 39 10
189 56 75 267 65 244 409 0 171 1 174 2 5 101
190 34 32 66 22 76 93 0 332 187 312 304 110 12 258
196 4 32 447 473 290 0 289 393 388 307 161 272 108 146 12 26 43
206 32 60 179 65 9 3 149 58 0 277 376 12
213 137 35 22 0 1 236 200 373 16 101 97 43
214 350 8 195 203 0 277 21 1 79 265 7 174 39
221 34 9 0 41 315 17 309 114 80 39 140 6
223 62 32 381 179 92 0 36 117 16 12 44
241 32 9 0 226 70 330 255 257 170 273 16 422 10 12 125
246 20 14 49 22 151 165 249 0 489 17 200 224 284 448
251 195 165 69 0 319 341 264 425 166 176 482 279 5 39 10 12 338
256 34 353 14 417 11 287 136 0 81 91 87 379 110 10 470
260 175 16 32 152 288 203 0 201 257 451 262 80 64
261 34 32 71 215 11 0 388 17 357 139 10 38
270 443 402 66 11 22 335 337 0 321 234 279 2 210 10 12 162
281 75 48 86 282 306 0 17 129 156 314 19 108 356 367 73
286 34 83 0 15 211 21 309 475 132 5 121 97
288 298 260 83 148 151 136 51 0 161 46 10
299 471 56 71 45 11 0 82 198 295 484 229 493 101
303 32 390 66 331 421 0 341 25 245 117 18 99 5 12
320 344 143 66 269 452 130 0 268 17 129 451 230 38
325 385 0 321 82 25 171 224 7 293 424 170 169
333 32 14 66 22 133 334 0 250 16 80 345 389 54
343 71 151 472 0 78 300 6 19 74 10 38 345
353 443 175 66 134 3 205 416 0 96 256 375 423 445 395 12 429 162
356 85 66 365 282 0 281 364 13 392 139 148 78 10 389
358 8 207 14 65 0 268 1 499 437 154 115 12
360 8 34 207 85 417 0 33 307 80 169 54
364 488 133 408 297 0 399 209 356 36 87 352 5 280 369
371 20 89 53 35 121 180 0 289 41 401 10
372 138 11 269 383 0 330 19 87 16 12 2
395 455 342 353 14 11 0 478 302 453 498 47 237 120 139
397 98 138 0 227 230 484 108 2 105 153 43
402 410 76 0 104 25 302 13 72 238 18 270
423 20 353 416 306 0 21 428 236 240 18 54
443 386 353 337 0 96 231 7 270 368 100
459 0 463 41 21 436 52 64 347 113 10 54
460 4 130 69 0 445 41 16 64 10 44
462 207 235 65 0 250 231 498 458 10 169 162
464 137 485 49 0 37 17 111 109 5 39 480 6
468 218 9 0 347 147 119 18 5 12 43
484 98 365 134 0 197 299 193 397 128 493 10
486 20 327 32 11 69 0 169 424 12 97
488 141 291 0 82 364 13 36 40 229 363
499 135 49 358 483 0 37 171 64 345 43
1 83 160 235 30 65 92 104 41 245 161 156 295 91 396 52 154 150 12 216 75 415 317 141 297 431 163 213 21 271 147 132 247 10 118 214 186 24 225 98 358 189 355 217 426 28 224 19 18 450 439 374 34 215 11 226 61 131 302 17 13 194 36 357 322
12 8 83 191 196 30 133 180 184 282 468 227 128 148 354 151 136 250 163 119 10 407 358 330 1 31 303 436 174 18 64 44 73 11 259 27 332 351 13 39 494 316 490 92 104 401 166 230 154 458 211 381 329 172 21 453 273 7 208 23 427 307 138 353 9 22 231 340 367 206 80 5 57 110 34 165 37 181 100 106 479 62 386 411 382 331 144 117 270 372 4 391 308 42 40 47 84 99 105 480 54 98 157 179 263 452 495 25 217 200 198 19 140 121 32 134 48 51 122 70 17 234 2 26 6 264 161 275 240 77 52 123 272 296 74 89 53 241 317 454 59 335 72 50 190 204 280 251 127 223 24 56 29 45 285 355 384 426 16 115 43 20 146 418 35 291 15 226 486 131 444 376
19 350 71 14 242 284 372 12 298 89 85 365 82 220 271 315 266 413 465 23 99 105 10 139 434 362 29 45 66 9 281 384 1 16 5 239 101 20 67 215 134 11 165 467 420 33 302 17 129 36 343 347 229 210 6 322
28 8 81 415 178 171 7 90 10 97 116 9 321 1 436 16 140 32 11 226 300 17 13 234 494 38
30 497 8 188 275 12 415 341 21 39 262 283 10 307 24 1 200 114 16 32 11 86 15 192 61 194 13 238 181 46 100
34 62 411 83 76 149 433 41 187 448 221 261 12 211 304 60 412 151 286 228 256 88 163 50 273 309 40 47 109 132 139 190 10 127 430 45 49 22 232 55 193 1 360 16 5 44 43 20 374 215 11 3 102 192 351 33 234 39
36 8 83 71 235 289 393 245 364 211 207 216 328 141 478 271 7 336 23 10 223 225 446 244 69 193 1 236 493 314 19 174 16 64 5 140 450 488 67 32 165 48 86 102 51 467 33 302 194 111 406 238 357 424 100 38
41 164 71 460 491 242 187 400 117 371 120 221 477 60 337 141 42 21 95 147 377 413 109 105 113 10 169 54 186 175 447 66 22 205 495 384 231 1 236 176 436 318 16 115 485 34 112 3 68 130 51 467 70 254 13 459 39 6 316
52 411 387 14 184 144 274 284 77 296 354 173 12 218 136 172 42 7 208 10 455 63 339 55 294 1 340 5 78 374 442 3 27 15 129 254 305 348 459 210 344
61 32 30 49 297 69 201 472 82 341 420 1 97 50 7 16 10 44
65 26 289 378 79 324 295 296 74 477 412 94 42 119 229 113 10 407 427 45 49 358 189 355 197 193 1 206 32 310 134 408 441 476 51 462 254 348 237 376 46 170 6
75 164 466 425 156 265 123 162 147 7 10 432 9 189 290 281 1 16 5 73 67 202 267 11 3 192 479
98 71 282 400 245 128 148 12 147 266 434 118 54 29 385 1 301 397 484 16 107 78 20 145 142 310 15 277 13 311 153 103
104 252 331 74 12 349 85 72 47 247 402 385 432 495 472 25 1 176 485 44 11 428 13
118 252 490 264 245 91 74 171 10 446 98 49 217 1 236 18 101 334 259 3 444 38 380
131 66 11 69 201 384 25 388 1 255 426 7 114 262 128 374 10 12 345
132 497 149 92 282 401 425 218 477 286 113 127 495 1 101 34 152 267 249 37 33 2 229 38
141 71 188 14 41 150 218 207 317 243 99 278 253 157 45 1 488 442 11 15 70 36 234 494
154 8 207 14 151 358 144 122 1 279 109 23 450 115 12
156 75 11 68 155 281 1 13 147 108 139 97
161 196 191 14 12 304 338 390 151 178 72 498 379 288 45 232 384 1 471 11 3 259 463 100 103
163 34 415 267 45 66 11 461 378 1 167 87 5 247 127 12 38 186
186 83 160 29 45 41 70 163 1 50 247 10
194 30 85 51 487 302 1 13 238 36 7 100 396 313 115 10
215 8 34 362 261 308 168 139 420 1 17 284 19 108 272 279 5 100
216 137 68 212 1 162 36 7 100 211 43
217 8 349 362 45 49 408 118 1 129 7 280 110 12 73
224 4 246 11 86 130 69 33 1 240 325 2 169 54
225 106 387 165 425 1 13 72 36 5 39 44 103
226 116 175 32 241 263 328 48 381 332 351 1 13 28 396 174 39 12
235 180 92 242 79 187 474 404 394 434 97 470 22 330 1 462 6 36 237 2 406 326
245 98 9 481 1 303 238 36 470 40 5 46 118 44
247 186 104 163 33 193 1 209 348 16 115 54
271 67 11 133 1 13 167 36 19 77 16
295 83 65 69 445 299 42 1 13 305 47 84 113 43
297 350 8 361 364 370 338 273 10 437 232 1 426 5 485 61 346 17 366 348 39 6
302 8 449 481 425 394 328 416 7 90 10 437 402 203 321 25 1 19 194 395 36
317 188 14 269 141 1 7 39 12 6 43
322 471 8 382 143 68 25 1 257 446 292 482 19 357 173 43
355 296 65 310 365 351 33 1 177 128 368 12 38
357 382 417 491 393 261 4 415 50 480 10 383 1 64 374 471 43 68 36 322
374 109 34 32 11 131 1 208 357 52 78
396 8 35 385 69 445 226 481 1 13 194 128 10 473 479
415 8 30 15 163 1 28 357 16 347 38
426 297 96 42 131 1 238 10 12 73 276
431 152 365 66 287 68 294 70 79 1 498 480 369
439 362 11 3 282 192 193 1 47 109 106
450 126 56 71 306 96 393 1 36 154 473 6
2 386 235 144 401 79 227 275 108 128 270 313 372 12 173 304 137 233 59 228 136 95 72 50 167 273 309 262 132 283 278 10 54 56 368 447 452 385 421 189 55 483 31 397 224 121 78 239 345 410 48 68 130 445 15 467 348 181 39 392 26 380
15 386 8 160 71 30 417 180 487 393 400 448 52 148 158 12 429 233 4 415 308 416 222 141 228 286 419 454 171 315 21 95 167 438 10 116 98 157 179 432 9 22 421 58 452 314 475 318 5 110 78 312 471 11 3 68 219 51 96 37 257 2 347 229 210 170 153 103
26 196 14 65 242 352 12 298 178 183 42 21 377 72 119 40 253 97 9 269 285 330 301 457 18 5 78 32 11 130 332 13 2 39 6 103
39 464 252 188 387 30 41 79 474 108 120 221 363 12 389 162 338 317 416 297 315 413 453 72 84 204 113 251 90 214 125 225 283 422 138 124 63 203 18 80 114 34 32 11 86 319 226 300 17 13 2 26
48 282 92 466 289 240 12 137 416 228 88 375 7 208 229 90 10 339 281 367 5 140 110 471 32 11 226 346 13 36 2 46
50 497 8 387 14 275 12 89 53 60 85 94 207 416 315 95 10 186 24 452 55 58 314 18 87 140 115 20 34 145 410 11 68 201 61 129 111 366 357 2 424
55 387 287 240 52 398 50 10 54 45 330 255 367 5 121 34 11 17 129 2 494
56 323 293 12 4 60 299 40 109 10 45 189 450 78 43 3 96 359 2 46 457
59 248 362 85 329 51 201 17 31 18 2 47 57 10 12 6 345
68 386 41 156 158 173 216 390 431 375 220 50 40 258 456 447 49 114 80 5 327 3 15 37 212 17 111 234 357 2 322
72 160 405 104 481 274 161 12 173 344 429 85 151 461 172 377 90 169 225 402 362 447 45 231 176 18 35 165 51 13 6 2 39 210 26
78 191 490 14 324 356 52 128 369 195 349 53 147 119 208 434 56 98 179 49 432 383 374 165 11 15 6 343 2 26
79 235 490 65 331 81 474 370 431 185 42 99 10 214 54 138 368 22 268 436 451 87 57 35 13 2 181 39 380
95 11 15 88 41 21 111 50 266 275 87 2 23 10 258
108 196 14 323 187 166 156 477 42 209 127 10 422 45 197 281 451 397 5 73 248 32 215 17 2 39 406
121 137 16 14 76 286 244 55 17 177 304 371 2 5 10 12 73
128 449 466 396 120 12 454 329 167 127 98 447 339 69 197 355 388 484 318 78 44 442 142 102 131 2 6 380
130 460 144 41 85 88 21 309 167 278 253 175 143 49 193 301 224 73 20 320 3 249 445 277 463 2 26
136 135 403 52 370 74 218 12 369 477 256 147 139 24 175 288 45 143 321 31 340 43 20 310 440 300 359 2
137 8 464 469 216 151 335 213 375 266 47 10 179 66 495 388 200 114 5 121 43 142 48 2
144 52 116 233 492 130 409 37 21 17 187 367 7 2 154 181 12 38
167 20 35 130 339 15 51 70 163 197 242 271 393 7 2 128
181 116 30 135 11 3 144 383 79 209 2 12 73
227 67 109 11 3 421 440 197 13 397 2 368 101 12 153 316
228 466 274 313 354 211 60 478 315 273 139 283 278 10 422 285 174 418 34 48 102 441 15 2 229 380
233 390 232 3 144 440 15 111 117 18 2 237 5 376 43
239 4 53 142 23 19 2 5 101 44
262 260 496 142 30 11 93 58 487 131 266 265 7 2
273 34 241 35 432 228 297 433 37 361 266 18 2 12
275 492 407 30 269 335 483 183 489 21 95 50 2 139 278 12 6
278 293 35 141 130 228 294 264 268 340 275 47 2 125
283 116 30 165 263 228 249 311 2 5 39 103
304 497 34 327 121 383 69 289 25 161 190 2 5 10
309 386 34 138 102 3 130 286 289 301 2 221 438
313 14 22 168 228 414 171 242 194 80 139 2
345 349 45 49 59 135 495 51 25 131 499 333 343 2
348 293 65 168 297 247 200 7 52 74 2
368 443 355 96 197 79 227 234 2 113 44 43
380 228 69 201 79 119 174 2 128 118 103
385 98 331 11 203 445 104 13 396 54 325 2 43
386 443 68 15 487 400 266 119 209 265 309 2 150 12 446
392 175 160 53 267 45 134 11 199 356 2
401 8 83 32 414 289 478 371 2 132 107 101 12
410 249 481 25 50 7 2 422 354 74 10 38 402
421 14 282 15 289 227 266 303 2 10 153
445 353 14 385 460 130 111 396 295 47 2 429
447 196 71 68 41 388 72 111 114 2 128
452 320 479 69 15 21 50 240 2 64 12 422
467 22 11 133 41 399 119 36 19 2 162
483 67 29 14 66 275 499 2 169 480 10 6
3 71 180 323 487 41 361 227 161 240 52 120 199 74 158 363 233 53 75 390 398 412 440 171 266 309 47 379 10 90 118 253 24 307 56 427 29 143 49 22 63 353 58 384 25 193 399 206 18 318 107 376 44 439 20 67 34 32 145 35 11 68 27 86 15 130 219 33 277 17 13 129 463 181 46 100 106
20 62 164 14 287 435 187 166 371 296 12 389 53 60 398 335 136 82 42 341 50 167 40 84 105 438 10 90 175 98 45 66 19 16 312 43 126 34 246 11 3 102 130 51 122 37 423 440 486 13
27 8 252 188 14 184 92 52 12 4 94 178 7 10 97 175 153 255 482 18 5 32 310 3 122 33 17 129 46 38
33 8 323 373 284 199 211 469 328 337 335 21 40 132 247 10 470 446 49 9 22 355 290 383 360 451 224 19 5 146 67 34 32 202 248 3 27 70 428 36 170 316
35 135 76 79 396 91 272 123 371 12 4 328 381 94 213 21 72 147 167 273 278 10 24 430 432 63 203 200 18 64 5 106 112 11 3 102 291 51 122 37 351 46 6
44 350 490 14 435 149 460 104 81 245 166 373 117 128 296 12 338 4 335 42 266 139 223 437 225 307 456 179 58 69 290 87 114 64 5 239 101 73 248 34 11 3 96 61 70 300 13 368 38 316
46 83 71 30 65 76 400 245 274 173 211 404 155 7 40 24 288 56 45 432 489 418 32 35 310 48 3 27 13 238 153 316
49 164 464 387 490 14 65 361 292 499 199 363 369 7 99 127 118 54 138 66 9 495 339 153 231 217 399 80 78 345 202 34 327 246 11 3 68 86 130 122 37 33 61 13 494 177 6
53 188 14 324 371 218 12 89 50 84 10 138 143 232 330 236 16 5 78 239 20 248 310 11 3 37 254 392
58 77 85 88 50 262 10 437 45 9 244 206 5 115 44 11 3 15 201 277 376
63 52 293 14 35 9 3 351 13 16 39 173 6 54
67 71 76 227 373 75 390 93 155 271 209 105 10 407 430 45 205 9 483 451 19 5 152 11 3 86 33 13 36 170
71 491 41 261 141 299 84 336 204 98 447 263 205 9 19 64 450 473 67 126 202 11 3 440 15 346 36 343 46 106
74 8 65 435 104 289 12 136 375 42 377 209 204 118 24 455 496 143 168 25 16 410 11 3 441 17 238 348 343 125
86 188 30 135 162 183 375 169 45 49 205 294 281 224 16 67 32 142 3 36 39 424
90 20 8 11 3 48 113 302 13 28 72 176 448 5 39 115
106 71 14 403 12 85 416 480 10 225 116 175 29 205 269 25 367 107 140 73 439 248 35 3 366 237 359 424
120 287 41 128 338 42 47 39 124 69 301 18 318 418 32 3 182 96 122 17 395 229
129 14 159 393 187 324 52 328 82 50 55 69 197 281 217 19 320 248 3 27 291 51 493
143 320 53 66 11 3 130 136 219 17 236 474 64 74 6 322
145 98 66 3 70 25 50 64 139 115 100 312
158 45 66 11 3 68 102 15 323 332 147 7 97
171 191 14 466 393 230 499 325 313 148 298 409 88 82 336 118 54 189 28 43 3 15 326
180 8 235 14 371 12 419 172 498 7 258 307 116 45 200 471 327 102 3 15
193 350 34 207 65 168 3 130 282 306 37 17 36 484 99 247 177 439
199 298 8 411 14 49 66 3 339 341 25 33 268 13 16 392 177
219 14 66 143 3 319 15 192 400 117 204 5 173 418
240 452 48 3 423 55 291 17 224 230 5 10 12 54
253 184 3 130 141 51 13 234 77 10 26
266 386 14 331 91 429 137 375 95 453 273 262 98 421 340 19 5 44 3 332 346
277 98 3 130 58 319 174 40 16 206 10 407 214
307 196 30 180 3 182 319 289 413 360 16 12 44 162
318 3 128 51 15 41 166 238 18 204 120
323 56 160 362 45 365 287 3 403 430 449 33 25 424 108 158 10 407
361 45 49 232 3 297 82 375 273 117 16 338
363 24 160 4 14 49 3 13 379 39 110 125 488
376 195 233 65 440 3 58 37 17 206 296 458 12
379 207 363 3 256 321 236 161 200 16 110 418
384 133 3 197 37 41 131 161 19 208 12
390 67 233 3 68 303 161 47 87 296 73
398 20 232 3 55 51 487 42 21 176 150 211
399 14 49 9 3 467 37 42 364 18 5 10
412 164 34 65 3 300 393 7 47 113 10
427 65 11 3 476 69 197 13 166 366 229 12
440 20 233 160 71 134 3 69 136 227 376
463 327 387 3 130 321 21 161 482 459 347 470 369
487 164 386 328 398 9 3 441 15 194 262
4 83 160 196 14 460 491 363 12 369 207 60 94 377 84 10 169 24 56 157 232 224 18 239 44 35 11 259 27 15 300 17 13 357
84 20 394 4 53 14 71 9 152 184 267 337 420 481 295 16 39 10 12
94 4 35 65 22 11 27 50 5 57 10
157 4 14 11 141 168 15 82 99 5 12 54
169 4 86 483 250 41 70 462 486 72 360 224 117 325 40 16 498 10 162
207 4 358 141 321 193 462 111 50 147 36 174 360 379 154 5 437 479
232 233 34 4 53 85 134 9 178 297 381 398 449 361 161 305 18 123 404
259 116 442 4 11 461 400 118 236 161 7 5 229 12
300 4 412 417 403 136 70 31 13 28 324 448 114 343 39 10 44
369 4 258 49 136 321 431 463 364 16 352 78 6
377 116 4 11 41 264 72 174 139 74 26
491 4 71 76 165 335 70 41 21 357 109
5 160 191 133 468 400 187 364 108 279 148 150 304 137 75 286 297 82 163 266 119 243 10 455 58 303 239 44 67 11 259 27 420 103 14 135 230 458 12 207 329 183 185 375 21 90 225 276 22 168 255 399 87 80 110 34 96 33 62 411 464 245 91 88 47 434 97 430 157 189 55 69 19 121 215 48 68 219 51 234 26 433 240 272 52 394 233 342 53 94 283 251 45 285 16 107 43 35 408 15 346 36
16 8 191 30 460 354 338 75 85 409 250 10 169 28 174 11 86 420 13 14 166 373 12 195 415 185 172 7 23 247 437 307 138 9 22 294 231 5 110 34 476 182 277 61 333 62 497 372 365 213 42 271 147 84 379 98 19 140 121 471 32 152 70 238 41 361 77 199 293 74 404 369 53 241 419 178 93 109 204 280 223 260 29 45 63 43 20 257 36 305 38
43 497 196 490 76 149 468 81 265 117 295 499 296 352 12 173 137 233 216 342 85 151 317 136 88 171 42 213 220 250 10 470 446 24 455 56 385 168 290 31 236 397 16 5 110 73 20 34 112 334 441 51 96 70 122 234 357 368 322
45 62 252 382 135 65 180 287 323 361 161 265 108 158 12 195 89 342 454 141 136 163 299 375 465 72 243 10 186 56 362 29 430 203 55 58 414 217 314 19 16 5 345 20 67 34 165 102 86 306 291 408 70 17 46 392 170 6
51 14 65 41 12 398 59 222 329 72 209 167 480 253 175 138 288 318 64 5 57 110 345 73 43 20 146 35 291 15 122 428 129 194 36 6
62 20 8 34 14 45 92 70 223 453 284 7 16 5 10 12
69 83 160 460 396 295 293 128 120 218 304 195 185 380 7 251 10 427 434 470 24 116 452 66 316 388 224 314 5 140 44 202 440 476 486 61 131 17 129 36 210 6 103
88 8 34 85 66 48 155 130 58 203 171 95 17 198 5 101 38 43
96 164 14 81 120 222 461 42 7 97 443 56 124 353 203 197 426 5 450 44 43 327 134 11 15 368 100
97 83 235 14 466 156 158 458 286 82 172 213 105 10 455 269 28 174 5 115 27 96 486 61 26
110 164 14 81 363 12 329 256 47 190 379 437 217 16 5 43 48 441 15 51 212
135 382 282 499 389 394 136 220 23 99 258 45 414 255 87 5 345 485 32 35 11 86 212 181 103
168 313 148 74 162 185 139 138 157 472 193 200 5 43 32 215 351 17 348 311
183 8 160 32 14 432 86 335 37 275 174 47 279 352 5 26
185 116 8 202 32 66 168 69 268 79 17 16 5
187 20 34 191 235 144 405 41 17 129 7 108 190 5 10
191 102 171 42 187 161 16 5 148 78 12
230 252 433 240 12 298 60 171 40 455 268 397 64 5 320 11 306 182 201 6
234 34 368 442 365 68 141 70 13 28 270 5 113 253 12 43
243 83 327 442 14 45 133 141 249 17 5 140 107 218
255 32 241 135 76 27 55 131 366 208 40 5
272 196 215 35 134 11 192 268 147 5 12
276 152 14 263 9 211 433 426 208 5 107 73 103
279 164 215 152 183 147 270 18 154 5 251 407
285 342 32 267 228 282 211 13 198 5 12 26
329 83 32 14 59 403 51 37 128 5 110 12
342 202 32 45 66 285 395 40 47 5 326 43
346 195 71 124 14 48 297 82 266 5 10
375 137 353 45 48 68 86 361 266 5 74
394 235 135 66 205 321 21 302 84 5 211
400 386 477 98 148 178 259 219 15 41 5 46
408 328 45 65 351 25 217 364 105 5 6
411 8 34 419 331 199 166 91 52 5 80 12
420 438 215 61 274 19 84 16 174 5 444 115 10
430 8 34 67 14 35 9 45 323 13 5
433 34 14 254 276 273 230 114 5 344 103
434 98 235 442 365 165 69 19 47 5 78 10
455 478 274 395 230 305 475 18 52 5 74 97 43
458 164 289 82 376 462 117 198 296 5 12 97
6 464 26 235 449 14 65 76 282 41 230 117 275 128 221 148 12 369 317 59 297 42 72 10 422 124 45 49 22 63 143 69 290 483 489 31 176 19 18 64 57 450 78 101 473 35 11 408 51 17 13 343 210 177 38 457
38 8 144 370 261 415 328 461 88 163 42 109 132 10 118 24 124 355 197 28 16 64 473 44 320 202 442 492 410 11 27 351 13 6 366 36 305 343 125
42 191 65 149 289 41 79 474 295 91 108 52 120 148 74 354 12 195 38 398 23 268 426 399 16 57 44 73 20 43 126 142 134 11 102 96 192 13 6 347 493 210 177 26
57 8 94 9 22 59 51 42 79 264 13 280 115 10 12 6
76 497 14 491 93 250 190 23 10 402 496 9 255 121 312 43 492 67 34 35 46 177 6
101 449 14 417 401 227 150 478 88 213 299 341 132 113 10 118 437 179 495 9 189 290 176 19 64 239 44 11 17 424 6
117 83 41 361 274 284 458 12 162 338 233 89 82 139 223 169 495 303 44 43 219 182 319 13 111 6
124 195 22 182 96 346 13 6 292 7 120 73 39 115 38 162
176 252 14 398 9 419 104 37 41 72 251 336 105 210 90 101 6
177 164 32 49 76 121 287 355 42 193 274 209 199 23 148 10 6
210 195 391 69 15 481 42 13 72 176 19 336 52 270 229 6 456
282 98 152 135 48 285 421 281 193 17 356 132 439 12 6
290 196 75 381 33 17 7 44 10 101 6 43
422 241 328 331 410 228 452 366 47 108 39 6
449 9 232 323 82 37 302 128 150 101 6
457 26 56 14 17 7 18 359 100 6
473 196 71 11 203 6 396 105 450 38
489 32 246 111 275 40 107 46 407 6 54
7 62 14 180 435 144 159 378 187 324 292 474 325 52 123 158 12 218 349 216 60 75 308 317 412 155 82 209 167 40 262 113 10 214 456 116 443 124 49 66 244 383 69 290 25 217 268 301 28 340 457 174 114 16 73 471 112 142 410 11 48 27 259 96 61 131 212 194 13 111 302 36 348 46 170 344 316
40 26 14 245 166 230 292 12 173 218 349 89 342 82 7 204 438 169 456 56 263 9 269 489 255 87 488 20 34 11 68 277 33 428 17 254 46 494 153
111 464 117 233 207 391 222 82 95 50 498 7 10 447 383 489 388 80 11 68 445 13 36
112 35 418 41 70 103 13 7 18 10 312 43
113 14 65 149 41 295 412 250 7 132 280 480 90 368 22 174 18 114 101 11 305 234 459 39
116 350 417 180 144 466 425 292 185 377 7 47 283 280 9 69 28 11 102 259 15 226 13 238 181 106
123 32 75 14 35 232 244 37 264 17 7 77 10 12
142 137 469 98 381 66 22 11 86 159 184 42 264 7 262 128 493 115 239
155 67 14 66 22 331 409 88 156 7 114 23 46 153
159 89 32 142 37 21 129 7 18 293 10 258 103
209 386 67 109 492 435 51 247 315 364 257 498 7 18 108 181 74 177 73
212 216 85 135 11 68 405 37 465 200 7 114 110 10
218 53 11 141 69 136 468 7 40 52 132 139 243
244 349 32 189 58 37 36 7 77 123 204 121
268 320 252 14 66 11 358 185 42 79 230 7 272 199 278 344
292 116 124 49 134 70 13 7 40 18 115 322
301 98 391 85 130 120 309 7 114 64 10 26 103
308 215 134 92 15 482 7 208 99 140 10 12
316 138 334 11 69 41 33 227 373 7 46 12 44
324 160 53 485 14 65 472 300 21 129 7 336 293 78
340 126 136 405 82 266 7 52 296 148 278 12
344 320 327 32 435 433 242 268 17 72 367 7 237 52
349 244 104 289 220 217 17 7 40 78 345
378 134 65 11 222 163 332 7 77 229 140
383 181 201 33 406 111 7 357 99 372 78 304
435 20 456 152 344 37 236 209 7 74 44 162
456 175 89 258 68 435 428 7 40 210 44
471 164 48 180 15 299 161 7 357 16 322
474 235 382 143 42 79 7 18 23 39 54
8 62 411 14 30 180 403 401 396 199 154 74 12 211 137 298 415 151 297 461 183 88 185 315 21 453 478 50 204 23 10 90 125 214 258 430 179 263 358 472 25 217 360 28 200 475 16 57 215 134 11 102 27 15 33 302 428 13 366 36 237 38 322
102 497 8 191 180 289 265 128 158 222 228 82 42 309 127 116 45 200 314 418 20 34 35 182 17 13 36
125 8 241 334 66 9 363 82 13 39 74 278 38
179 137 8 32 101 151 165 326 15 425 223 428 206 437 78 12 44
200 8 30 180 12 137 213 220 379 470 54 168 436 73 479 35 246 102 212 348 359 406 326
204 8 71 405 74 12 391 82 413 40 496 244 414 318 16 32 11 219 237 39
211 8 242 12 394 216 398 286 228 47 10 276 432 285 34 33 13 36 46 153
237 8 233 235 344 65 22 25 395 198 204 105 106
258 8 456 32 135 326 180 68 159 25 95 190 336 153 369
263 8 138 71 407 11 306 226 37 13 40 64 283 12 276
298 8 288 419 178 171 13 230 475 19 199 352 99 26
315 8 228 15 201 425 50 209 19 80 221 39
366 8 106 391 479 11 297 351 255 50 422 229 100 427 38
403 8 323 329 136 300 198 18 359 115 106
428 8 179 423 306 51 104 33 21 13 40 456
453 62 8 14 66 82 266 395 448 39 12
461 492 8 362 259 203 96 197 163 72 10 38
472 8 496 267 14 11 168 104 61 324 343 10
475 298 8 455 32 85 9 286 15 174 10
478 455 8 228 401 274 395 36 352 101 170
9 350 160 71 449 14 76 133 149 405 487 468 245 221 148 12 469 75 241 178 93 40 84 99 105 438 10 480 125 54 24 116 175 276 430 49 232 63 269 58 339 31 399 28 176 198 19 206 16 475 57 101 67 11 15 33 17 13 257 100 26 103
93 67 14 76 11 9 334 70 13 18 16 190 262 10
99 252 135 242 79 354 12 298 151 308 419 141 82 220 413 47 336 138 157 49 22 9 66 383 193 303 482 19 32 310 347
105 20 67 473 66 11 9 408 122 41 176 397 19 237 359 10 12 97
149 34 66 9 42 13 206 132 113 44 43
175 20 195 260 353 134 22 9 27 130 51 136 41 201 205 226 392 106 456
178 298 477 89 32 404 9 232 27 37 70 400 28 161 198 336 16 26
198 403 352 458 12 404 85 178 88 299 9 285 174 18 107 327 11 182 201 237 311
257 260 32 241 9 15 82 13 209 446 77 16 140 322
269 320 195 26 32 106 317 9 306 231 275 40 311 372 438 407 97 103
339 469 32 328 49 48 9 37 199 465 167 52 128 389
350 116 214 11 9 297 193 13 19 10 44
405 14 134 9 212 187 388 72 340 204 54
438 20 164 9 269 15 289 420 236 309 40
469 137 32 142 14 328 9 335 339 33 10
480 464 454 9 431 51 483 70 357 113 12 106
77 287 378 52 123 12 338 271 47 253 10 66 244 58 16 32 11 291 37 257
81 490 14 79 265 404 222 256 21 10 24 294 25 28 140 110 312 73 146 44 43 96 359 100
127 34 49 11 102 132 92 133 37 163 108 128 107 10 12
152 331 287 435 282 279 162 431 84 132 10 276 24 260 114 16 80 73 67 310 13
166 20 411 32 14 419 427 476 254 482 40 16 47 108 318 251 10 12 44
182 124 134 102 17 230 117 91 198 16 120 115 10 404 307
192 293 34 75 30 14 219 42 451 100 174 272 109 439 10 73
238 116 30 205 245 194 426 284 36 174 318 16 46 74 10 402
249 160 151 246 410 130 21 283 13 132 243 10 103
274 455 32 228 478 172 420 72 117 52 46 115 10 177
294 16 138 29 14 86 431 201 81 424 305 52 278 10
314 45 102 69 15 281 319 13 50 36 10 146
321 394 207 369 391 66 136 463 351 25 302 17 28 325 379 270 10 103
328 469 35 408 339 226 487 33 302 129 425 119 36 370 64 422 10 38
332 60 476 414 226 37 378 266 190 139 158 10 12 26
334 14 93 92 316 17 333 10 118 125 43
337 443 201 41 33 265 18 84 270 115 10 73
341 20 30 61 303 284 199 23 251 10 101 479
352 298 85 11 183 478 364 13 198 369 139 10 26 43
370 24 328 297 136 79 17 13 47 10 38
381 142 35 232 290 226 223 91 64 10 12
382 14 45 135 203 37 474 18 357 10 12 322
418 112 102 22 219 228 436 379 120 46 10 12
441 164 160 65 228 487 70 451 74 10 173 110 43
444 32 267 11 420 118 147 115 12 10 146
454 195 45 11 22 15 197 466 13 128 480 10 12
465 29 45 339 197 82 212 19 424 10 103
476 327 66 65 69 332 236 166 16 10 427
477 66 65 178 136 41 400 108 132 10 54
481 89 410 25 245 302 72 396 84 210 10
490 49 81 79 118 170 78 10 12 44 43
492 66 76 144 461 242 209 275 10 312 38
494 126 49 141 55 21 28 18 40 10 12
497 32 30 76 102 50 16 132 10 304 43
139 14 156 117 275 356 352 313 261 218 228 136 377 29 168 19 87 44 34 145 215 134 11 332 395 326
164 387 487 41 279 458 60 75 412 409 438 138 49 367 110 20 202 471 134 11 165 441 96 177
172 52 11 133 180 21 17 72 170 274 373 16 12 97
197 65 133 227 108 128 454 222 461 465 167 427 384 484 248 32 11 96 129 368 38
205 394 67 175 71 353 11 86 41 21 429 238 64 106 162
220 195 349 135 11 68 13 200 19 99 73 43
222 14 11 102 51 15 96 81 197 17 111 378 265
229 488 65 48 11 132 228 15 259 299 378 366 19 120 210 427 404 162
231 443 32 49 11 269 41 462 13 72 16 12
250 76 11 146 462 147 333 18 16 113 12 169 43
254 32 53 85 65 11 433 41 166 40 52 170
264 142 11 335 118 377 119 493 278 123 64 57 251 12 54
267 75 32 11 285 189 472 37 163 21 147 444 84 132 392
305 52 455 11 232 294 21 295 18 16 113 38
326 342 235 179 66 11 92 139 171 200 107 258
347 415 14 11 15 201 82 42 289 463 468 19 114 459 99
354 52 327 32 410 11 228 42 21 16 99 12
359 56 11 403 136 81 147 200 236 105 115 106 457
389 20 135 66 11 331 339 21 356 333 39
413 32 11 41 70 242 19 204 99 39 307
417 116 14 11 15 256 300 393 360 357 101 470
429 353 66 11 205 445 15 82 21 72 266 103
446 386 32 11 33 322 257 36 23 118 43
479 207 75 452 11 341 13 200 366 396 12
496 89 160 76 11 472 424 91 262 204 74
70 62 14 491 41 292 12 241 365 391 178 93 141 431 413 167 280 480 169 186 45 22 16 115 44 43 145 112 441 300 33 234
89 184 159 481 117 371 293 12 162 53 178 82 50 40 109 47 456 496 45 66 19 37
115 403 41 393 274 292 91 154 12 337 50 247 90 97 138 124 358 58 80 57 145 142 182 201 70 420 194 444 359
122 20 35 49 27 51 154 120 105 100 12 43
138 164 79 372 12 53 309 99 263 49 168 203 294 397 80 16 115 327 51 201 39 316
140 32 308 48 69 378 81 436 257 28 50 36 367 16 243 221 12 106
165 164 14 491 448 12 72 23 283 251 434 225 45 179 203 482 19 64 78 246 36
184 195 89 142 14 27 409 17 84 52 87 23 253 12
208 14 85 48 151 308 37 82 384 255 374 52 150 78 12 276
280 116 148 85 113 70 21 217 364 16 57 12
291 45 35 51 129 240 77 64 107 100 12 488
296 20 390 14 65 85 416 355 351 13 340 52 64 376 458 12 44 43
330 53 235 241 419 55 119 47 148 372 100 12 26
331 411 152 385 155 104 37 79 17 266 303 91 422 12 389
335 20 137 469 491 183 33 21 264 275 270 12 44
351 34 35 168 63 203 355 321 226 408 366 296 12 38
367 164 344 48 144 55 281 140 12 106 54
391 32 14 321 414 70 111 301 366 204 210 12
407 67 263 65 269 323 489 277 21 275 279 12
436 133 41 79 147 28 200 459 64 140 12 418
495 137 49 104 41 13 117 12 132 345 101
153 98 258 49 155 27 421 15 17 13 147 227 397 40 46 211 103
265 386 75 45 66 102 222 337 81 406 13 262 493 214 43
406 60 235 383 201 13 200 265 36 108 64
442 195 259 141 13 234 52 128 243 434 38
451 320 67 260 441 192 33 79 13 108 64
485 293 464 135 297 104 41 13 324 18 80
242 492 32 235 14 344 211 41 413 167 448 19 99 313 26 54
252 45 14 27 104 268 176 230 99 39 118 73
293 56 89 14 22 63 159 69 192 324 348 325 16 278 485
306 29 14 45 263 269 203 423 281 193 17 428 230 450
482 14 165 308 27 463 322 166 99 251 103
498 14 180 431 21 462 111 161 209 395 169
312 20 492 145 32 112 76 15 37 81 18 190
393 196 412 417 15 171 129 167 36 174 357 450 115 146
416 353 85 48 423 15 289 302 50 296 39 106
419 298 411 180 15 330 166 176 18 16 99
432 75 35 15 104 183 273 23 46 78 211
448 34 83 246 165 15 300 242 21 453 236 90
195 184 173 454 42 220 251 214 175 124 45 269 69 16 80 78 442 346 311 376 210
338 297 361 161 117 174 77 16 120 39 251 44
365 323 355 431 70 17 356 234 19 47 16 174 484 434
373 67 202 387 85 172 33 213 16 170 44 316
404 235 66 178 232 182 81 198 229 16 46
409 164 184 155 144 189 414 171 21 236 16 162
437 207 179 358 297 58 302 16 110 101 44
162 435 117 270 89 75 216 85 409 39 169 307 124 353 205 168 126 152 86 467 462 17 229
236 435 41 448 53 409 213 21 379 438 118 143 18 43 310 259 423 476 17 36 359 493
287 20 152 45 85 323 55 256 431 17 77 120 177
203 382 461 88 214 54 260 138 45 385 22 18 473 35 165 306 96 351 302 39
248 106 32 53 59 197 33 129 18 108 44
284 24 62 215 246 341 33 238 117 19 114 52
362 215 45 66 59 323 461 425 217 72 19 311 109 439
414 391 45 135 409 401 332 21 119 204 313
470 235 417 69 256 463 33 21 245 200 43
310 98 32 53 152 65 27 136 355 236 99 46
289 196 65 401 371 74 458 304 349 416 42 309 438 307 66 421 32 134 48 102 36 347
311 195 98 32 362 168 269 198 64 283 73 103
424 496 32 323 86 294 486 465 50 36 325 80 101 106
466 116 75 32 454 134 48 228 171 128 97
202 164 342 71 75 49 66 69 185 33 373 170 38
336 160 71 178 171 324 176 36 99 210 258
493 142 85 299 42 264 129 236 265 36 484
319 219 277 117 314 64 107 39 251 100 307
387 164 49 55 463 82 225 50 373 52 39 146
327 138 344 66 49 68 180 476 96 463 486 388 198 243 354 304 146
201 230 59 337 315 50 175 138 260 383 58 294 198 114 115 61 131 347 406 380
388 137 196 327 447 66 69 405 131 111 114 128 261
425 116 75 328 179 362 315 302 132 251 225
