0 423 221 256 126 100 333 29 54 214 511 397 246 638 18 395 372 213 542 559 91 535 730 877 356 464 31 963 462 270 146 754 651 613 597 10 360 735 92 206 583 371 25 768 14 965 85 685 32 151 11 320 460 812 17 87 21 170 819 639 261 73 615 133 499 325 402 628 488 147 484 936 299 640 759 22 281 24 756 114 241 150 173 260 223 160 443 459 606 659 190 909 47 899 64 528 286 196 782 60 83 288 358 303 486 468 188 343 103 174 109 251 148 80 66 601 803 637 633 119 37 353 189 846 134 673 904 107 82 748 23 824 602 364 13 717
10 540 294 302 67 192 399 874 789 991 497 2 6 35 38 256 0 75 29 54 892 508 426 469 186 454 16 926 776 62 18 84 274 644 346 396 341 420 523 804 483 332 559 421 755 159 356 989 706 182 58 31 370 462 304 616 211 963 253 337 106 127 270 12 77 55 357 381 52 53 194 19 983 45 927 562 5 810 238 607 314 610 444 587 783 92 61 654 583 290 371 757 25 957 771 671 475 14 918 965 105 716 85 727 121 685 693 151 11 460 69 101 21 112 697 883 301 382 819 261 928 73 50 519 733 490 27 556 65 352 15 328 484 108 518 240 4 759 79 22 95 526 472 114 166 241 150 94 297 798 675 59 160 707 867 459 30 177 321 606 228 418 659 461 47 501 323 64 465 935 605 9 212 434 34 60 83 123 288 758 1 441 169 682 188 729 300 343 3 914 48 477 350 277 111 251 512 152 543 412 334 148 8 187 97 992 66 76 81 476 577 848 826 57 137 738 56 794 118 913 505 749 20 841 43 481 28 612 718 943 36 516 82 7 308 670 23 494 602 93 33 806 641 13 717 249 41 410 131 492
11 67 467 135 6 35 38 548 389 256 648 0 100 156 347 75 54 761 454 603 16 264 96 18 395 473 948 204 74 372 708 263 588 164 912 326 91 413 805 90 58 42 158 40 172 549 139 831 127 270 890 12 39 77 78 895 553 55 830 934 532 227 271 53 19 316 604 429 71 5 10 536 444 49 262 822 116 527 825 25 957 427 222 14 105 354 181 479 32 218 720 868 17 87 101 21 883 974 254 261 197 230 615 50 766 268 417 987 377 392 352 566 15 104 878 299 688 640 359 4 739 267 759 95 366 24 472 756 798 94 675 650 695 606 30 44 113 571 581 143 47 198 952 990 9 212 966 811 34 740 486 949 1 525 592 734 272 161 205 629 729 914 3 157 48 259 109 142 350 229 439 111 988 862 8 503 385 80 231 803 577 224 732 119 220 913 26 446 20 749 564 28 163 7 670 496 23 305 93 641 250 374 652 141 131 378
13 67 767 6 38 451 648 126 0 156 29 680 892 454 638 16 124 495 263 296 396 542 91 560 755 356 90 42 370 211 253 225 428 210 146 12 39 651 532 573 227 194 271 613 619 562 10 98 314 735 49 72 92 116 527 25 442 427 257 85 479 693 265 17 117 112 533 153 73 733 295 676 352 402 104 488 4 430 79 22 24 234 986 30 44 292 149 689 46 999 967 899 528 406 9 545 677 966 811 60 298 1 285 300 3 63 48 897 350 111 795 152 543 8 385 66 231 226 637 119 857 57 220 485 199 26 20 125 28 82 7 102 23 363 602 93 249 41
14 294 399 184 192 51 6 256 126 154 0 180 333 208 785 347 29 54 750 324 469 246 16 62 96 395 84 842 644 708 346 296 561 483 421 805 679 306 594 129 165 482 40 549 831 139 243 106 820 78 553 573 851 52 53 19 983 927 837 5 10 765 863 873 544 49 757 222 716 850 896 121 293 720 11 313 812 17 391 101 567 21 382 698 50 268 417 987 27 788 317 875 108 266 4 430 453 558 70 433 24 472 114 166 796 160 660 44 113 872 870 668 9 110 498 838 123 358 881 734 752 161 642 63 157 174 897 109 944 585 329 445 334 148 8 97 405 80 76 81 601 176 37 457 242 199 219 630 26 20 155 183 821 970 7 748 276 23 363 852 93 171 252 141
17 184 287 789 365 6 221 126 802 985 0 236 68 915 246 18 74 708 911 877 306 464 182 728 594 370 31 172 40 88 243 890 12 39 55 651 786 144 168 19 45 690 587 290 721 222 14 121 162 32 569 11 320 87 69 101 21 185 153 261 615 27 376 628 108 240 4 22 215 281 24 297 59 282 321 666 143 872 47 9 123 881 1 3 174 349 898 334 187 331 596 80 620 37 344 457 120 193 630 134 28 663 102 824 13
18 399 423 6 35 0 236 273 680 971 649 312 776 403 203 455 646 559 91 159 419 31 903 580 318 337 146 232 12 39 474 10 964 72 25 11 812 17 622 112 382 50 27 279 402 4 704 150 173 634 796 59 113 292 581 233 940 47 198 769 952 248 303 1 468 3 656 995 678 596 66 37 457 485 653 209 118 120 26 134 23 494 305 724 93 879 250
21 580 280 428 205 423 35 12 576 389 126 491 975 0 236 15 335 573 144 29 862 8 214 267 324 10 5 95 409 81 429 463 997 130 407 945 636 37 414 459 30 470 26 718 452 970 14 448 275 354 542 494 394 286 305 11 159 498 33 398 17 891 740 249 41 31 1 172 649
22 467 698 270 6 3 12 99 142 830 0 333 15 934 54 992 79 562 10 5 70 547 454 657 984 246 16 175 57 94 92 832 113 124 155 203 213 418 190 990 293 559 91 868 313 33 237 962 17 13 235 34 41
23 184 135 12 109 154 553 0 474 19 8 239 632 837 10 95 76 526 16 844 432 18 608 177 446 155 14 36 918 341 748 715 784 11 13 42 165
24 133 50 767 284 35 3 12 38 136 0 936 152 29 4 739 558 80 81 664 30 74 43 821 46 14 82 993 958 363 9 11 911 17 13 69 669 370 1 517
25 302 951 106 3 12 174 0 325 402 104 518 8 562 10 81 582 690 773 939 37 345 18 199 321 74 481 612 598 322 7 323 258 11 145 237 13 303 410 131 304 408
29 139 294 106 12 3 0 684 19 45 10 98 24 186 16 14 465 483 779 13 306 21
31 59 18 9 10 2 6 12 43 17 136 300 515 846 21 0
32 310 500 135 497 0 333 785 722 312 547 469 16 204 274 179 954 258 413 679 159 938 339 269 12 39 77 830 86 489 849 168 613 289 626 810 244 444 92 424 61 206 757 401 475 807 257 354 11 17 87 391 185 883 254 261 197 519 99 27 686 781 65 628 108 267 342 756 906 166 241 150 260 223 695 30 177 689 46 190 64 248 196 625 782 123 303 486 669 930 285 3 103 48 979 329 672 140 231 226 255 577 848 344 534 242 120 466 26 446 836 28 178 183 579 36 516 692 33 311 374 510 917
37 580 399 568 586 928 611 127 35 499 12 548 77 376 0 273 15 144 208 68 329 688 53 880 331 649 267 339 312 176 89 132 435 529 244 119 747 557 49 550 839 18 384 193 20 25 178 183 263 916 923 14 537 107 870 332 602 159 212 838 17 625 464 123 21 449 382
47 211 586 422 874 365 278 295 3 12 99 77 103 439 703 719 947 390 0 104 445 412 759 10 5 342 330 89 166 839 137 59 18 395 120 630 505 116 183 588 965 824 110 11 434 17 34 83 370 949 643
54 568 73 133 530 423 2 531 655 12 63 157 477 555 55 0 333 489 981 474 898 688 931 240 79 558 10 22 98 66 385 405 793 360 526 224 848 634 49 264 888 242 459 708 203 916 14 850 954 247 685 9 11 171 200 758 41 170 367 616
60 230 50 0 4 10 709 56 206 20 228 7 164 804 332 406 13 34 938 41 669
64 230 51 133 519 205 146 6 35 12 38 436 451 499 291 126 357 0 100 856 328 381 619 609 71 10 845 638 119 264 260 459 44 143 263 301 452 36 296 319 551 32 406 569 460 145 311 101 165 925
66 767 789 389 802 0 333 54 632 750 511 919 18 431 804 326 91 483 560 541 356 158 88 270 820 77 684 19 619 289 429 562 10 388 959 626 810 945 49 583 825 527 617 404 105 327 693 265 394 855 320 145 87 69 185 133 268 99 556 640 453 342 89 150 321 149 581 143 190 696 627 668 303 578 949 881 477 142 362 202 726 476 529 137 665 199 219 353 630 20 155 125 107 163 7 956 13 539 41 131 492
73 687 192 51 337 106 12 576 522 976 390 0 973 786 898 513 75 54 108 152 971 217 10 426 281 81 712 130 220 664 691 794 209 44 124 969 43 612 7 181 121 792 276 252 699 962 13 311 200 706 567 42 525
80 874 195 12 987 39 221 522 111 0 115 333 68 152 983 5 360 24 876 906 977 49 260 485 424 138 14 805 11 313 17 411 315
82 458 387 733 642 157 99 770 897 126 111 0 325 488 340 208 585 299 347 723 19 980 453 892 97 429 10 5 24 89 114 449 705 61 204 520 606 20 125 564 572 346 7 257 465 102 852 361 679 171 13 117 539 129 40
83 243 743 295 12 770 0 329 589 4 97 10 186 843 664 977 660 401 46 36 107 448 47 286 699 117 34 69 288 1
85 280 287 50 565 106 232 753 352 0 104 208 851 194 19 10 601 493 416 360 130 984 16 72 59 817 43 475 502 910 296 198 162 151 679 212 877 356 13 58 301 254 373 88
87 139 884 184 951 50 135 834 256 390 0 532 79 5 95 66 582 150 839 44 372 107 163 32 602 11 364 17 40
91 733 35 256 0 115 521 566 573 628 381 266 331 5 22 66 18 118 861 107 769 496 11 847 411 13 182 42 1
92 565 127 12 27 48 0 934 334 10 22 132 62 223 308 326 32 590 235 13 1
100 928 192 161 820 12 3 291 0 656 194 215 81 366 330 457 96 443 30 36 122 319 64 216 9 11 145
103 570 225 269 135 161 0 15 944 898 936 512 593 429 5 98 917 433 380 638 709 283 732 817 654 321 26 801 644 708 768 301 47 542 465 804 792 276 32 805 9 159 677 311 69 249 112 153 482
107 884 243 133 106 127 3 291 0 489 147 931 722 5 98 66 945 775 37 401 846 198 319 276 91 326 692 87 83 996
109 192 188 146 38 439 154 362 491 0 628 227 680 774 89 751 16 56 209 707 630 757 134 588 14 918 528 23 11 374 34 464 41 963
114 284 300 770 39 221 683 0 988 68 347 152 632 10 447 388 433 577 963 697 137 817 30 44 113 505 155 201 14 910 82 7 727 692 924 212 170 658 131 301
119 468 467 12 78 65 0 328 386 898 632 722 5 330 380 37 264 552 26 527 64 11 13 414
126 340 162 494 20 71 82 450 17 13 14 21 0 42 64
133 762 197 467 243 127 436 12 591 0 333 574 875 271 54 5 66 24 709 977 384 673 718 107 64 800 9 546 364 538 938 949 172
134 139 272 188 146 232 743 12 109 392 895 65 0 484 875 19 8 289 405 777 610 175 96 18 353 466 292 440 164 308 542 561 780 590 17 989 182 905 42 378
146 741 586 787 887 51 387 12 109 0 700 837 81 314 393 444 18 134 537 327 64 33 196 13 250 517
147 468 272 35 436 136 279 78 0 156 746 75 359 267 98 16 444 760 107 504 560 814 207 41 250 153 1 158
148 400 280 6 12 0 15 340 168 10 5 98 330 857 177 191 836 14 780 9 171 763 356 288 42 893 525
150 642 0 386 208 10 5 66 620 705 653 18 32 398 87 941 538 101 141 449 1
151 161 343 12 99 618 770 522 154 0 988 208 8 10 246 72 137 817 624 43 718 671 179 696 85 504 954 661 955 34 249 288 170
160 655 979 895 392 0 566 15 988 524 619 4 324 5 10 793 186 756 977 72 440 659 183 336 572 14 850 323 496 363 855 9 724 641 69 539 249 1 441
170 734 67 490 555 65 325 0 202 15 878 898 54 640 604 45 114 241 583 681 999 254 7 507 685 693 151 172 33 478 373
173 928 565 195 2 865 63 895 0 68 52 72 18 219 40 43 46 940 322 885 855 917 441
174 734 568 192 365 655 865 994 12 563 377 277 0 214 97 226 238 607 380 393 16 691 902 113 189 943 25 228 183 475 14 36 502 7 198 420 602 545 338 17 207 510 801 930
188 667 86 53 900 30 10 134 957 27 39 109 751 0 141 504 317
189 56 75 244 267 171 5 2 877 409 174 926 65 101 0 1
190 258 332 32 187 604 110 739 93 22 12 66 76 312 34 0 304
196 272 530 161 146 12 694 676 0 108 700 4 289 447 388 863 307 393 848 828 473 26 290 841 43 612 768 516 935 32 937 989 539
206 528 580 32 9 569 149 661 376 12 3 277 60 65 179 0 58 795
213 137 972 97 546 22 35 43 236 806 926 200 101 0 16 1 373
214 884 265 8 79 195 203 174 39 350 277 21 0 7 1 990
221 514 672 800 958 9 140 6 80 309 17 39 810 34 114 41 0 315
223 62 92 32 44 12 117 36 179 0 16 933 381
241 422 12 273 0 10 70 226 255 330 16 125 681 771 537 257 32 9 545 170
246 912 448 151 20 22 284 677 17 200 14 249 224 0 489 165 49 585
251 682 195 629 12 39 279 0 521 684 774 10 5 176 166 264 799 425 341 319 663 338 69 165 482
256 599 287 417 136 0 613 10 81 353 470 630 841 14 778 379 507 91 110 11 87 34
260 820 451 0 152 880 613 845 662 80 876 16 175 262 201 203 588 257 64 32 838 288
261 139 32 11 71 10 731 215 842 38 17 388 782 34 357 0
270 744 337 210 2 12 279 402 0 335 813 667 10 22 66 835 234 443 321 696 935 162 11 883 903 517
281 568 73 48 86 0 156 75 108 19 837 314 282 644 661 17 356 306 129 367
286 211 649 97 5 309 475 34 132 83 21 0 15 121
288 700 51 148 151 161 752 10 662 798 298 136 46 83 0 260
299 56 45 11 71 82 295 814 493 820 807 101 229 539 0 198 471 484
303 18 695 32 331 421 5 25 245 12 66 99 117 390 0 341 933
320 230 269 268 38 451 0 640 66 130 544 344 888 859 143 708 452 896 17 956 658 129 549
325 169 908 651 0 723 385 906 224 424 817 321 825 617 25 537 82 7 293 171 170
333 133 729 389 0 672 54 334 22 80 66 810 16 345 794 564 14 958 32 560 250 930
343 19 151 71 10 6 74 300 38 567 959 78 910 472 0 345
353 205 423 12 3 618 256 0 445 429 66 416 690 175 96 395 443 134 742 162 375 679 647 697
356 139 282 148 365 10 66 281 364 13 389 78 392 626 818 578 0 85
358 691 908 8 597 268 943 499 12 207 14 65 154 0 115 573 786 1 437
360 169 902 54 8 617 33 80 417 207 307 34 985 775 0 85 725
364 209 399 280 133 750 5 87 356 369 598 36 352 0 982 297 488 408
371 53 784 289 722 20 10 35 401 89 41 0 180 786 121
372 19 269 138 11 383 2 12 87 330 646 773 0 16
395 139 687 302 565 642 556 0 849 453 342 626 610 660 353 120 836 455 14 47 11 647 498 237 962 753 478
397 230 2 0 227 484 108 98 596 636 634 557 138 43 646 105 693 635 728 953 153 549
402 653 18 302 524 270 25 677 76 13 533 238 742 939 0 410 104 72
423 570 922 18 54 902 428 353 240 893 20 236 416 306 21 0 534
443 96 353 337 270 231 368 686 100 0 7 386
459 41 347 52 54 692 734 752 113 845 10 594 436 463 612 957 21 0 64
460 445 44 4 730 789 930 10 820 834 69 130 41 0 16 64
462 169 458 746 162 10 498 612 231 235 207 635 65 0 250 826
464 137 654 632 480 5 6 689 714 17 39 109 538 111 0 573 37 49 485
468 347 741 18 218 9 5 43 12 740 0 119 147
484 299 197 193 565 597 365 98 10 134 493 633 851 128 997 823 0 397
486 169 424 32 11 20 97 12 829 69 502 0 327
488 792 831 363 750 567 82 364 13 291 36 229 919 0 141 40 875
499 483 358 135 171 634 43 584 0 37 64 49 345
511 730 814 171 5 70 66 203 77 234 0 104 88
528 105 206 520 6 890 3 579 582 13 39 109 690 751 0 227
535 880 19 61 611 70 33 215 41 0 164 327 1
542 363 887 8 134 621 103 777 13 392 529 21 0 386
559 18 908 428 138 731 10 22 33 529 41 0 104
583 693 84 4 106 5 10 854 66 170 637 740 0 7 175
597 68 194 752 358 324 2 268 921 472 0 573 484
601 267 74 711 117 34 14 815 0 745 85 301 208
602 169 162 406 10 174 87 13 0 532 37
606 61 11 10 35 74 82 201 976 352 0 102
613 329 32 4 527 13 39 256 0 49 260
615 741 654 9 11 171 74 866 17 782 128 544 0 627 198 102
628 91 32 3 515 17 847 109 41 0 1 72
633 608 120 135 639 142 255 101 0 141 557 484
637 240 583 433 13 610 101 224 0 180 165 657
638 513 118 692 446 756 681 103 13 128 603 0 355 64
639 633 278 564 38 476 374 36 0 180 634
640 432 518 11 749 320 714 66 38 170 0 783 264
651 197 325 359 874 5 163 642 733 838 17 13 719 956 683 0 1
659 160 10 136 207 416 567 0 15 1 517
673 105 133 295 547 475 291 55 0 7 482
685 139 991 781 897 78 973 0 813 54 10 297 771 537 448 769 710 804 9 714 711 989 170
717 523 852 267 10 706 130 101 362 709 0 257
730 310 752 511 295 460 99 130 553 224 0 264
735 197 752 3 136 296 13 427 65 390 0 166
748 445 23 44 12 598 14 249 964 0 115 283 791 921
754 53 266 135 729 201 728 380 0 164 345
756 160 32 4 113 11 289 3 638 904 956 782 815 0 550
759 108 44 11 135 10 43 12 388 0 47 949 839
768 647 12 38 103 39 77 196 201 579 965 0
782 261 902 32 615 6 39 719 756 815 0 198 550
803 512 778 871 726 947 11 20 836 43 28 648 773 919 0
812 18 272 71 996 33 797 595 14 0 198 656
819 137 661 10 300 12 417 77 179 0 275 977
824 242 44 193 12 17 0 47 573 327 144
846 192 951 106 587 861 775 107 0 31 15 465 49
877 242 340 653 620 189 17 502 0 85 1
899 432 86 9 966 12 13 472 0 175 104 72
904 650 778 332 228 811 690 756 0 835 964 373
909 197 50 45 79 750 136 431 0 7 643
936 512 518 4 103 235 641 24 598 472 0
963 691 871 361 10 109 114 0 533 175 1
965 609 679 10 5 81 388 768 968 0 47 327
1 827 302 767 245 154 156 513 75 589 214 508 426 132 186 926 888 18 708 213 431 823 396 506 247 912 91 535 541 877 840 728 963 12 929 357 651 52 194 271 19 684 604 927 562 10 98 873 607 932 725 92 61 415 896 993 693 216 11 17 235 21 698 295 65 972 628 813 104 147 317 514 215 24 297 150 160 707 30 659 501 924 450 34 758 83 358 355 801 884 530 161 439 746 543 217 584 596 226 224 826 799 118 665 189 28 598 36 163 322 715 661 13 374 225 41 141 131
12 184 51 731 2 6 35 555 548 154 802 976 273 100 180 340 208 386 645 29 54 761 662 426 330 554 454 751 16 264 62 18 902 84 204 191 969 74 372 495 263 588 179 296 122 275 561 804 332 998 560 911 714 905 747 31 42 165 791 40 172 211 549 616 903 599 106 127 146 270 436 694 772 39 77 929 942 934 227 144 381 52 53 684 19 643 316 604 45 901 5 10 98 712 607 544 709 444 72 92 206 384 401 25 427 768 105 850 354 121 181 479 800 32 937 151 11 17 117 391 128 200 21 533 819 382 458 744 230 73 133 50 490 563 99 27 987 291 676 376 788 972 15 104 317 688 240 4 453 558 759 22 70 582 307 24 89 843 166 241 234 664 59 223 552 282 650 660 30 44 138 867 581 689 418 190 502 894 47 198 870 64 899 816 950 9 110 196 34 123 83 303 355 358 486 1 881 570 468 272 280 285 161 642 914 157 136 48 174 259 115 335 351 656 251 329 593 148 8 140 217 331 480 503 80 231 678 226 407 119 857 37 57 56 353 26 764 20 43 134 612 916 452 163 7 308 748 778 715 23 494 824 661 411 13 539 250 131 367
19 139 928 302 67 467 530 210 284 6 343 12 99 365 694 350 229 362 532 723 347 271 29 266 239 45 315 71 10 5 215 66 281 818 89 575 16 220 828 550 930 242 384 20 372 134 14 36 502 82 105 85 322 420 465 551 23 413 9 535 11 434 720 879 33 590 17 101 298 129 165 1
28 300 436 834 38 8 140 97 901 10 81 803 226 798 16 234 321 116 757 708 178 674 415 7 494 32 9 11 171 17 13 711 90 1
30 192 188 497 12 39 86 100 15 667 194 8 750 10 307 24 238 114 16 283 650 262 61 836 689 46 415 341 275 181 32 11 13 200 21 1
34 192 789 731 221 256 273 513 722 132 16 62 537 954 903 304 40 211 88 139 831 599 127 232 12 39 55 45 774 10 5 536 959 360 595 610 49 725 151 11 261 50 430 739 22 215 433 575 234 44 149 666 228 923 190 47 286 838 60 83 1 570 592 3 309 109 351 585 412 995 187 726 601 76 193 20 43 564 681 674 448 163 102 647 33 411 891 374 41 900 643
36 540 302 67 467 51 245 38 648 236 100 761 393 16 336 910 506 658 165 478 791 211 357 86 934 194 271 19 604 289 609 71 10 5 774 797 238 314 244 783 424 757 861 896 993 32 216 937 941 235 69 533 639 925 928 676 566 488 328 882 223 64 816 406 677 699 450 83 801 1 525 884 174 48 111 656 992 8 140 493 858 193 446 821 7 102 23 779 33 364 207 713 225 141 933
41 400 467 51 731 6 221 648 236 68 589 54 186 16 888 495 164 559 998 413 535 706 42 318 337 611 436 39 491 316 71 10 595 130 725 384 371 515 105 868 460 117 21 112 254 787 946 781 377 556 628 147 514 739 22 70 95 775 459 113 34 60 1 169 205 3 477 109 115 672 187 447 66 231 176 858 175 485 242 653 120 913 641 13 141
52 294 184 387 210 284 3 12 27 63 77 78 136 618 55 922 15 340 144 208 645 543 503 10 5 526 529 173 344 459 274 442 631 579 455 14 254 7 296 354 852 218 305 348 129 955 806 411 374 339 900 42 1 172 525
61 50 97 10 472 297 16 49 606 30 44 201 82 341 7 420 800 32 535 69 713 1
65 310 744 827 787 197 599 51 358 6 295 854 477 686 229 376 412 45 79 289 10 324 508 927 476 407 119 735 94 49 634 828 608 206 193 113 26 189 74 134 427 46 254 296 896 32 720 724 348 237 378 635 706 938 170 355 42 462 1 441 408
75 67 73 192 3 202 147 785 156 871 267 5 10 920 281 16 432 425 466 290 189 621 671 823 7 164 982 479 162 265 9 805 11 956 740 123 1
98 310 400 789 245 772 12 103 555 142 78 277 591 15 147 484 29 54 266 619 148 649 927 71 385 595 906 397 16 826 509 948 552 118 282 608 660 764 20 301 646 107 778 885 560 868 434 145 763 13 311 128 153 1
104 908 586 428 743 12 929 349 402 723 761 980 331 632 511 385 176 472 858 835 72 432 485 653 44 74 25 495 598 47 85 899 247 792 559 852 998 11 252 13 811 594 1
118 245 490 3 38 259 591 947 236 334 217 10 98 380 638 444 264 49 18 986 446 74 681 91 869 171 252 911 101 1
131 12 618 522 10 426 66 388 255 690 919 114 345 262 760 384 505 25 201 7 998 11 961 128 69 374 1
132 127 2 497 38 477 229 152 543 267 662 810 37 675 92 282 425 113 149 401 495 852 218 286 33 763 625 34 101 249 539 1
141 253 946 243 188 731 278 157 99 856 922 15 488 878 317 45 71 70 919 633 234 150 705 866 442 36 14 523 935 816 494 218 11 699 207 41 883 533 753 1
154 23 623 8 151 358 779 12 450 207 109 279 14 115 122 1 144
156 68 509 75 108 139 710 11 97 147 155 281 13 522 1 506
161 232 12 3 103 259 563 390 934 100 931 45 750 837 536 463 709 72 738 817 191 384 764 178 14 471 379 151 11 498 338 196 288 745 1 304
163 592 500 127 733 12 38 651 995 45 267 5 66 186 1 534 796 167 948 624 415 247 11 840 87 34 461 378
186 247 160 29 50 45 10 70 83 41 163 1 656
194 302 51 115 100 597 10 920 238 30 36 396 7 85 487 313 879 961 13 1
215 261 139 272 284 279 362 100 108 168 19 8 5 554 657 725 783 608 716 308 420 535 714 941 17 34 1
216 68 137 211 162 212 865 43 100 36 652 882 934 7 1
217 667 990 118 73 280 698 8 45 110 12 349 704 362 7 129 1 49 408
224 169 2 325 86 786 585 54 240 4 130 610 637 246 571 749 501 730 560 11 546 545 33 69 1
225 387 106 531 103 39 851 931 700 5 793 844 72 665 425 44 36 823 715 779 13 165 1
226 580 12 174 48 39 947 351 328 381 575 241 175 116 28 263 396 332 32 623 647 13 1
235 744 2 6 743 914 180 474 936 187 726 79 97 22 330 636 242 92 470 969 404 36 910 886 710 507 326 406 394 833 434 237 462 1
245 929 591 972 593 5 98 238 118 470 44 571 644 481 46 36 993 998 9 303 981 1 40
247 54 209 193 348 163 33 781 736 186 115 16 104 1
271 167 19 67 133 11 859 821 13 77 538 36 984 16 1
295 65 976 878 299 445 722 84 113 43 673 47 305 730 13 69 938 83 42 1
297 568 884 6 232 979 39 350 856 273 521 566 972 680 8 10 5 426 366 529 575 864 485 776 61 630 721 346 501 954 685 361 348 590 364 338 17 370 1 437
302 914 402 328 194 700 19 971 8 10 416 626 529 939 587 395 425 832 321 757 25 481 203 612 36 7 727 506 778 394 652 90 449 1 437 996
317 269 632 188 6 43 12 39 141 14 7 1
322 928 979 895 357 382 68 19 8 529 876 173 1 292 446 25 43 143 957 257 471 652 482
355 310 928 177 365 966 33 12 38 368 638 128 65 603 296 351 1
357 261 50 417 556 491 382 645 68 746 931 4 609 632 480 10 765 393 695 600 383 43 671 36 415 322 64 471 950 840 374 1
374 52 32 11 901 109 78 34 712 357 639 131 1 208
396 540 35 521 532 574 746 445 194 8 10 385 582 226 595 473 841 481 479 792 13 128 69 1
415 347 30 8 28 15 38 357 163 16 1
426 682 73 12 973 573 944 649 10 238 297 634 96 952 42 551 276 879 763 131 1
431 68 935 152 294 287 79 365 480 70 498 66 369 575 909 974 1
439 540 282 192 521 193 505 11 106 841 3 109 706 728 362 47 1
450 670 96 56 473 741 71 6 686 306 126 36 154 393 566 745 883 1
501 169 691 321 289 10 808 81 391 671 350 873 224 297 1
506 156 435 675 302 35 498 377 69 36 419 669 905 1
508 67 266 421 428 289 755 927 10 33 65 1 172
513 211 73 44 138 70 201 392 34 985 932 638 15 1
514 592 280 110 149 796 6 681 890 221 686 277 130 41 1 88
530 933 139 54 332 19 135 210 35 718 196 200 1 616
541 524 950 4 66 99 48 916 389 807 435 296 1 485
543 52 363 665 140 106 10 718 3 411 13 625 132 1 725
562 139 902 412 816 518 946 10 6 22 25 66 689 13 897 1
584 168 887 51 116 106 499 335 38 671 683 328 1 345
589 561 421 384 50 874 881 545 662 547 83 41 826 1 264
596 62 18 569 138 666 5 581 17 758 516 397 1
598 702 837 5 25 6 364 136 618 207 743 748 454 533 104 1 936
604 862 11 385 12 231 190 36 170 15 327 1
607 211 184 9 558 10 35 12 174 972 16 1 828
661 139 168 206 151 289 814 35 12 281 706 277 988 819 1
665 68 543 113 434 228 66 576 225 790 354 1
684 251 29 192 614 6 12 66 502 16 1
693 658 583 841 10 5 66 13 170 7 1 397
698 609 45 217 22 465 33 576 312 765 979 14 1
707 799 4 9 722 10 861 579 207 109 229 798 16 769 1 534
708 54 230 199 884 11 320 28 103 17 14 1
715 608 23 192 210 74 6 12 747 225 461 1
725 167 543 422 45 215 360 34 130 41 1 776
728 332 505 457 439 17 27 754 807 397 15 1 485
746 1 480 634 631 342 357 396 462 147 367 851
758 68 62 688 54 470 10 596 563 238 1
767 211 453 634 66 13 577 24 296 250 1
799 251 707 680 8 9 135 125 16 165 1
801 932 732 35 103 174 366 36 182 244 492 1
813 137 691 685 270 5 929 905 69 55 273 7 835 1
823 75 197 193 5 344 999 225 257 1 484 72
826 589 9 480 98 10 43 545 582 462 1
827 695 568 8 790 205 309 366 65 198 1
840 230 995 9 50 130 985 491 357 163 999 198 175 1
873 9 679 519 434 74 720 392 14 501 1
884 390 214 110 708 87 610 36 107 297 1
888 458 912 54 467 394 320 142 41 745 1 616
896 265 45 724 74 320 46 36 14 65 1
912 11 463 576 618 906 594 843 246 1 888
924 972 116 43 33 368 603 393 114 335 283 1
926 189 10 213 39 719 970 229 472 111 1 657
927 778 902 177 98 10 508 968 876 14 65 1
929 428 470 245 12 813 238 166 15 104 1
932 513 162 805 140 35 625 801 7 1 40
972 924 106 245 12 3 213 607 130 297 1
993 169 8 365 245 621 117 24 36 934 1
2 467 273 386 68 54 239 662 132 876 397 948 372 646 275 483 421 679 31 304 270 655 772 12 39 78 55 227 144 851 597 10 130 380 657 964 783 72 167 262 401 850 727 121 181 313 348 235 128 50 278 556 392 15 108 79 95 526 173 634 345 59 552 600 228 233 696 769 699 687 136 48 309 445 512 447 385 368 224 283 137 56 26 189 452 410
15 400 51 2 180 386 68 347 513 312 416 454 393 96 900 179 471 421 487 728 419 58 158 318 210 772 890 12 576 929 78 830 52 880 604 429 71 5 10 98 797 314 864 790 783 167 116 757 222 475 415 257 855 11 21 170 866 153 753 417 980 4 22 701 95 882 160 30 228 659 233 769 9 110 286 677 966 315 3 103 157 719 229 512 148 8 503 818 835 857 37 432 219 846 438 452 448 308 663 171 141
26 253 269 285 2 6 12 103 377 39 78 65 352 97 5 808 330 130 119 457 72 242 18 178 183 14 332 32 9 11 567 647 196 13 298 21 42 301 40
39 387 2 221 389 802 915 680 214 416 926 18 84 204 124 203 551 885 413 464 90 12 86 474 613 845 920 690 790 964 72 515 768 319 784 162 800 32 720 11 17 422 563 317 108 453 79 114 297 796 30 113 138 528 950 763 811 782 34 315 188 300 642 63 251 992 80 818 226 283 534 120 26 125 579 815 363 724 647 252 338 13 225 41
48 2 12 229 574 208 921 862 240 140 289 722 10 5 765 281 226 416 554 137 92 282 466 228 631 916 46 346 36 7 471 710 375 32 950 110 11 541 13 339 90 367 88
50 687 387 874 497 2 12 618 55 111 115 357 947 574 68 589 667 53 8 140 774 10 95 808 366 416 24 89 186 314 737 94 18 424 61 20 201 410 452 909 14 85 275 860 11 145 840 87 207 962 34 60 740 58 129 315
55 287 50 387 789 2 813 52 54 240 45 10 5 255 330 848 673 670 121 494 11 398 17 34 129 367
56 2 733 12 3 109 78 299 359 4 45 10 547 751 773 457 96 867 189 43 46 323 293 450 60 40
59 248 329 18 51 10 2 6 12 57 17 201 362 31 85 47 345
68 991 946 50 2 3 703 522 111 357 390 15 786 386 585 156 871 597 739 750 5 447 80 114 37 173 49 220 234 456 552 665 505 40 431 572 322 327 886 258 375 216 212 545 17 758 41 549 158
72 169 762 500 946 893 51 161 210 2 6 35 12 377 39 802 362 402 628 786 104 988 512 45 429 405 447 231 808 176 173 344 18 160 26 274 721 859 481 689 515 823 899 85 151 13 225 461 90 165 172
78 599 195 2 6 343 490 563 629 865 349 648 15 147 208 921 52 53 324 98 369 657 775 119 49 432 675 56 191 26 383 617 644 825 631 14 179 685 623 11 434 961 356 128 374 829 747 949 165 643
79 762 2 35 268 436 99 451 39 490 733 854 65 745 474 54 331 214 10 22 368 81 808 380 57 138 822 431 909 181 668 623 87 13 235 185 370 42
95 41 258 23 266 50 11 10 2 87 522 111 21 889 15 275 88
108 197 73 422 887 127 2 451 477 39 553 156 700 187 45 759 10 5 215 281 526 610 544 397 166 835 209 527 14 940 323 248 32 406 590 17 196 711 594 42 549
121 137 954 73 177 286 371 10 5 2 12 76 17 14 55 244 16 849 304
128 197 318 615 127 2 6 12 142 78 532 484 785 329 98 447 388 454 380 636 638 449 167 44 120 466 442 572 396 102 605 833 868 711 69 339 355 131
130 592 253 73 2 278 629 3 309 618 277 972 144 21 445 514 726 463 224 175 49 725 167 691 193 26 630 20 861 143 85 780 886 730 320 460 840 717 249 41 301 88
136 310 139 752 135 2 300 854 12 477 256 942 147 340 52 862 359 370 45 845 24 369 603 751 939 735 175 557 650 794 321 440 20 74 43 143 403 659 771 736 598 909 889 885 218 814 962 288 31 517
137 586 951 2 770 48 142 335 813 988 266 8 10 5 66 388 808 469 577 858 882 114 614 495 43 631 213 179 47 982 561 121 375 216 151 911 677 200 464 978 819
144 2 12 38 154 683 52 187 409 130 864 37 738 614 116 644 957 233 7 561 181 860 778 824 679 17 740 21 492 367
167 197 51 2 35 15 271 70 130 575 393 737 796 725 242 624 749 20 163 7 128 339 996
181 73 135 655 2 12 3 532 144 79 636 209 30 571 116 383 957 579 11 703
227 197 67 729 2 12 3 109 316 892 368 397 440 850 528 421 11 13 101 153
228 211 831 139 422 874 285 2 278 563 174 48 229 683 273 15 574 739 10 797 747 380 835 283 790 665 624 466 274 836 418 923 904 970 502 696 910 354 504 102 710 313 546 941 34 60 713 578 315 478 441 616
233 2 232 3 770 376 390 111 15 144 667 5 587 18 440 43 237 117 517 616
239 907 53 23 19 44 4 5 2 142 101 668
262 496 266 30 265 11 93 2 487 820 699 142 58 7 131 977 260
273 592 599 789 2 35 743 12 813 266 433 939 297 241 37 557 432 18 913 228 954 361 34
275 139 269 50 2 6 278 12 576 781 942 335 489 536 95 407 819 867 30 183 579 551 483 539 21 492
278 293 294 867 881 2 125 35 228 268 141 130 783 639 47 275 340 264
283 924 30 116 5 2 228 263 103 531 39 311 249 165 748 921
304 586 289 161 383 10 5 2 25 497 809 34 69 190 985 327 121
309 827 286 138 289 2 531 3 770 221 438 34 130 949 301 386 102
313 242 139 194 168 171 2 22 80 228 14 414
345 51 135 2 343 499 754 349 333 45 584 959 777 793 587 49 59 495 25 131
348 247 52 293 168 2 74 200 65 553 7 297
368 96 907 197 443 924 44 113 79 617 2 43 355 234 227 668
380 118 79 2 545 228 201 103 174 754 128 69 119 769
385 396 445 540 54 688 331 604 11 2 43 98 203 13 325 104
386 68 209 400 266 443 265 784 446 487 2 12 309 967 119 15 150 783 542
392 513 160 53 568 199 45 11 267 2 134 356 873 175 542
401 599 2 890 12 548 656 8 289 547 132 554 776 371 107 769 800 32 83 101 414 900 478
410 422 50 10 2 25 74 38 481 644 249 402 7 354
421 589 902 784 282 266 995 289 10 2 508 962 14 303 15 153 227
445 353 429 2 295 385 460 882 674 130 14 111 396 47 748
447 68 71 2 388 196 128 111 41 114 72
452 702 422 240 50 609 623 842 2 320 12 555 916 891 69 21 15 64 479
467 162 19 399 133 569 11 774 2 22 888 821 36 41 978 119 844 550
483 169 29 67 480 10 2 6 66 499 581 642 920 713 14 872 573 275
512 9 10 2 33 103 803 625 369 936 7 15 340 72
526 960 52 54 23 108 8 305 558 20 10 2 603 664 975 102
552 68 2 43 6 12 98 352 119 198 102
556 395 135 10 2 495 66 237 863 883 690 773 41 461 357 844
600 152 162 120 429 2 35 469 357 58 441
634 746 18 54 767 106 2 426 499 646 704 65 539 397 949 639 158 996
646 18 682 199 9 2 43 98 372 810 397 165 634
655 675 160 54 424 2 174 477 476 176 369 704 850 181
657 2 22 33 178 215 490 78 610 637 830 16 926 839
662 589 152 5 2 820 12 547 132 288 49 260
679 778 32 204 353 887 992 5 2 959 873 648 14 965 82 745 85 144
687 691 395 580 73 50 116 2 642 366 198 550
696 399 520 151 116 270 2 228 66 376 86 903
699 262 73 269 106 2 33 362 36 83 141
727 592 672 302 9 879 10 2 35 981 114 753 328 785
769 18 685 91 707 331 2 401 861 182 380 15 796 893
772 710 265 9 71 2 98 171 12 572 15
783 640 487 480 10 2 215 278 818 36 15 386
850 778 160 54 852 324 2 655 12 515 14 227
851 746 794 2 793 176 238 14 225 85 484
876 138 257 927 2 80 3 322 58 849 49 260
948 11 71 2 98 38 99 336 416 934 163 952
964 258 18 51 2 405 681 904 39 330 748
3 399 67 35 985 100 180 785 68 75 29 680 547 603 876 18 74 561 860 487 90 58 129 903 158 253 318 106 86 227 849 52 53 71 10 130 690 773 709 735 49 206 384 25 427 181 32 11 868 145 398 17 622 27 376 566 628 15 972 266 240 22 307 24 756 775 44 143 233 46 47 323 870 379 528 361 814 838 34 893 161 63 309 439 277 390 543 412 463 56 118 199 219 120 193 353 440 20 821 107 363 171 33 13 41 643
20 893 51 50 287 565 423 12 3 136 389 126 335 53 19 187 45 845 10 98 66 312 803 526 130 575 435 919 945 166 16 37 175 246 167 62 84 760 440 371 43 438 14 82 105 122 164 296 341 102 889 11 567 806 838 398 13 34 60 486 510 90 42 40
27 310 960 184 188 531 3 12 38 52 4 8 97 5 10 255 175 94 18 92 178 46 14 7 122 32 252 33 17 728 533 129 153 482 996
33 211 744 373 67 428 698 337 284 146 865 3 451 27 686 335 202 328 795 512 702 19 680 316 8 10 5 22 70 508 777 360 469 132 224 657 49 650 199 470 654 446 290 383 736 36 502 910 716 323 247 248 559 32 924 9 535 812 699 809 635 905 34 21 170 355 40
35 272 599 51 530 135 106 611 6 278 3 12 63 743 291 522 273 351 147 328 381 667 524 4 430 79 892 10 5 76 24 607 775 37 94 828 72 167 432 18 932 600 606 801 749 371 203 213 46 999 940 396 122 727 64 860 102 506 91 869 661 814 11 809 200 123 21 112 745 949
44 139 225 73 245 300 12 3 38 490 350 802 335 104 513 688 266 316 4 239 759 5 70 368 81 307 997 435 114 166 843 456 96 223 61 832 149 290 437 14 179 296 533 64 748 248 824 869 11 460 338 87 13 117 128 34 69 101 538 968 58 42 373 525
46 211 310 762 400 35 245 3 27 48 65 489 316 45 71 76 24 238 704 544 173 432 650 56 30 274 527 155 621 418 404 918 7 670 860 896 523 32 594 961 13 83 288 153 791 40
49 399 599 991 387 127 6 490 3 99 499 78 753 65 86 202 68 54 613 217 662 80 66 231 777 369 130 554 876 246 37 345 118 199 61 177 913 138 292 822 495 846 689 736 14 7 122 164 327 716 982 363 494 361 9 11 879 33 13 464 34 339 153 517
53 310 951 50 188 232 12 3 754 78 392 236 672 239 324 10 5 765 330 89 16 37 84 138 20 371 143 14 248 958 218 11 955 622 747 254
58 874 50 3 77 277 376 115 15 45 10 5 876 244 262 206 44 600 201 85 9 11 724 962 641 706 437 88
63 52 54 293 9 6 35 3 13 39 14 351 16 173
67 734 205 3 451 390 86 227 75 152 271 19 892 45 430 71 10 5 508 76 407 773 209 155 564 36 105 889 483 9 11 93 33 13 170 373
71 261 907 67 519 106 205 343 772 3 126 491 202 15 849 878 299 667 19 98 447 882 864 848 653 948 473 84 204 440 757 263 336 572 46 346 36 64 784 9 11 812 450 510 539 41 141
74 928 615 729 343 12 3 136 377 65 104 168 8 289 726 892 701 601 808 873 24 238 435 906 16 550 209 118 204 520 606 832 764 25 125 143 579 455 572 718 815 896 885 715 496 816 375 11 348 546 724 17 811 410 42 441
86 169 294 67 135 188 205 3 39 142 524 45 281 224 16 49 424 30 822 183 36 696 899 162 375 32 755
90 302 8 113 11 20 5 825 3 28 48 13 39 176 981 448 115 72
106 73 269 205 35 12 3 439 895 683 972 645 593 29 543 761 359 140 71 10 480 584 366 416 582 882 175 634 853 424 583 116 846 25 403 14 107 85 561 248 720 237 699 635 225 367
120 580 318 287 3 39 229 503 633 534 550 96 18 395 660 600 124 418 47 122 32 338 17 128 69 182 41 42 301
129 197 51 50 3 27 291 55 328 52 19 187 217 324 281 493 529 393 544 534 776 520 14 82 952 248 937 159 320 69 713
143 6 3 136 694 236 474 53 66 959 130 219 571 74 581 894 322 64 11 320 17
145 139 50 609 983 955 98 25 70 66 3 312 591 945 115 100 64 860
158 68 332 45 11 97 634 3 66 7 15 323 147 102
171 230 615 772 499 3 770 325 15 795 54 148 739 511 409 393 848 853 118 191 466 189 43 28 336 14 82 860 616 326 313 635 298 978 88
180 12 3 548 15 593 8 45 678 307 637 116 371 527 14 7 327 471 102 258 805 498 235 200 713 419 639 172
193 3 99 439 350 65 976 484 168 130 37 282 177 36 823 247 824 937 17 207 306 34 791
199 177 8 268 25 33 3 66 411 13 708 392 646 14 298 339 341 16 49
219 400 192 204 980 319 5 143 66 3 418 117 14 894 15 173
240 54 230 611 423 10 5 701 12 3 17 48 291 452 637 55 224
253 184 51 26 10 3 13 77 130 516 141 234 785
266 3 754 273 340 386 19 331 453 429 5 98 95 508 810 137 262 44 654 572 953 346 14 935 91 332 375 421 805 962 669 658
277 691 514 206 214 661 10 98 701 3 174 809 130 407 58 16 319 40
307 162 44 30 289 413 12 3 196 360 182 802 856 180 16 319 785
318 18 204 51 120 3 128 238 41 732 166 15
323 287 365 3 362 108 45 430 10 407 737 534 56 160 424 25 403 872 804 852 33 449 158
361 375 913 45 868 232 273 3 338 297 117 622 538 82 963 16 49 585
363 951 3 39 488 543 4 24 49 160 125 14 870 542 379 110 966 13 625 517
376 458 206 779 440 195 12 3 17 233 65 696 296 58 37
379 363 321 110 161 3 418 207 200 256 236 16
384 589 197 19 133 161 12 3 41 131 37 208
390 68 688 884 73 67 161 743 3 87 233 703 652 737 303 296 47 735 616
398 211 794 958 51 565 487 20 721 232 755 3 547 176 55 21 866 42 150
399 688 18 816 467 9 879 10 5 3 364 14 696 42 37 49
412 523 816 113 722 562 10 300 3 622 736 34 65 393 669 7 164 47
427 197 649 11 12 3 366 13 476 847 69 65 229 676 970 166 735 790 776
440 160 71 20 134 3 136 233 69 376 773 227
463 347 912 459 387 321 470 161 726 3 671 742 369 130 21 835 327 482
487 194 441 262 9 739 854 3 15 398 919 164 783 328 386
547 589 56 197 32 187 9 721 22 401 662 3 398 673 917 557 264
561 137 589 470 565 106 594 134 12 3 237 14 264 982 828 144
566 160 91 800 394 11 3 450 747 36 472 393 297 723
603 924 316 11 6 403 3 136 117 811 526 638 355 175
622 432 18 53 412 361 387 519 125 3 736 42
643 831 473 695 865 12 3 203 78 34 909 179 47 16 40
680 804 799 18 568 724 33 3 338 621 13 39 109 917 297 881
690 528 353 624 25 3 17 39 207 556 904 131
709 133 387 161 12 103 3 717 279 60 578 164
773 56 67 269 440 372 25 498 3 556 803 810 970 448 790
775 599 107 265 846 35 3 360 78 829 745 41 716
785 75 253 32 8 289 3 307 128 938 14 727
814 299 458 661 511 504 35 3 136 147 437
821 710 271 467 6 677 3 24 36 14 984 456
838 8 289 20 642 3 34 14 651 37 260
849 395 168 32 71 5 3 876 7 444 853 457 121
860 50 45 171 35 806 3 145 46 740 144
868 361 113 11 22 98 3 142 128 41 16
870 580 363 4 321 12 3 263 14 843 37
893 293 148 20 423 481 3 101 521 769 72
903 650 18 424 270 12 3 34 676 696 465
985 513 871 332 3 840 17 360 491 42 304
4 169 35 232 12 157 27 259 300 377 491 357 15 936 613 239 10 24 369 756 224 620 94 18 56 84 160 614 44 583 707 749 14 516 870 363 11 541 567 460 714 17 13 196 207 60 83
84 184 337 295 854 12 39 942 152 53 4 267 71 10 16 583 20 481 14 627 420 394 9 937 714
94 4 50 11 10 5 22 35 27 65 57
157 54 168 4 11 5 531 12 99 829 14 82 141 15
169 648 325 86 4 609 10 70 863 360 224 16 72 771 501 993 483 162 602 647 498 117 486 41 250 462 40
207 568 50 174 154 676 111 147 4 5 863 360 690 707 193 321 669 659 588 598 36 479 379 358 141 462 791 437
232 161 381 53 4 858 297 18 134 178 404 233 894 85 361 9 305 560 955 398 625 34 123 449
259 738 118 400 4 11 116 5 161 442 12 847 554 229 461 236 7 898
300 500 343 417 136 39 412 761 4 324 10 70 920 114 798 844 44 403 28 537 448 816 13 938 31 819
369 991 655 6 136 78 352 512 524 4 463 704 16 49 321 617 431 258 364 510
377 885 139 4 26 11 116 74 506 943 847 174 41 264 72
491 21 928 4 71 766 70 76 840 109 985 41 335 165 357
516 253 32 4 290 10 43 596 388 196 454 676 393 550
567 960 73 4 26 110 20 285 343 659 237 777 14 703 488
614 137 329 684 4 337 195 587 43 115 7 144
620 831 4 9 877 43 17 719 69 101 179 250 150 40 839
714 685 84 168 640 805 4 869 889 215 12 818 834 117 464 999 627 954
749 167 744 230 640 4 11 10 35 224 354
5 399 67 400 51 135 35 245 68 75 239 750 511 662 554 16 62 96 191 455 742 346 823 420 91 679 590 464 829 747 594 90 58 304 88 960 243 12 55 651 786 574 849 52 53 168 19 45 10 863 626 945 984 760 583 825 621 14 965 121 693 394 11 87 69 21 185 925 408 458 230 133 766 987 27 279 676 15 813 878 108 266 518 240 430 22 215 342 433 297 150 94 234 853 160 44 233 999 47 375 286 110 434 545 635 34 303 669 468 272 285 157 103 48 259 251 329 702 148 187 97 596 80 255 119 283 137 653 219 26 764 189 43 183 598 36 107 82 163 815 663 886 276 546 33 364 411 207 641 225 953
16 294 195 365 497 38 333 75 29 62 84 204 191 74 372 213 420 471 247 792 755 590 182 419 42 172 437 611 12 77 947 830 86 271 53 684 19 45 10 5 98 626 238 369 607 657 984 61 654 515 404 14 415 918 257 85 354 716 121 293 32 569 11 868 460 185 781 147 22 70 701 307 166 241 260 223 707 832 30 138 627 379 816 361 9 110 34 373 169 280 63 174 109 277 152 8 140 231 409 476 857 799 199 20 43 681 28 178 579 36 7 23 305 93 647 338 13 891 510 41 250 643
43 540 51 497 236 397 16 96 614 213 455 646 296 122 885 905 31 42 88 611 12 357 934 532 168 700 10 5 797 997 839 290 85 216 265 151 117 112 866 73 295 490 499 352 317 931 759 70 342 24 737 234 173 552 149 233 924 110 196 34 441 468 136 334 385 76 81 368 803 858 620 826 220 137 56 470 446 20 516 322 171 250
45 67 287 135 195 6 922 180 29 915 971 892 186 454 16 62 203 860 306 58 165 158 907 243 994 12 55 86 19 10 5 314 544 725 72 721 896 265 833 17 170 382 408 698 686 291 392 65 299 108 430 70 342 89 345 46 909 999 323 465 375 605 361 34 908 161 629 136 591 362 656 217 705 653 56 20 163 102 252 414 141
51 500 253 682 73 318 428 611 146 6 35 12 548 719 288 291 65 15 656 329 194 983 480 5 584 837 901 857 175 57 664 72 167 59 345 209 964 138 721 20 43 222 14 36 122 64 110 879 398 891 510 41 129
62 284 642 12 880 8 45 453 10 5 70 596 16 223 92 20 14 7 779 34 758 881
69 540 682 195 210 6 295 103 719 202 813 944 251 316 678 140 10 5 66 388 486 476 24 314 224 380 620 160 61 44 120 440 116 470 621 427 736 452 36 396 7 506 293 218 720 434 129 460 17 625 128 83 185 131 304
88 38 48 514 8 511 5 95 66 130 155 43 203 198 85 792 171 17 34 101 58
96 197 865 979 802 100 15 700 992 97 5 426 368 81 56 443 353 44 120 124 43 134 203 222 736 14 7 164 327 627 551 11 450 461 42
97 458 570 269 743 174 27 115 156 10 5 486 853 844 96 61 466 26 28 213 455 14 105 82 952 507 286 833 235 905 83 158 925 172
110 441 884 51 12 48 256 15 329 514 217 5 808 81 798 16 557 738 43 190 14 47 164 710 379 363 212 966 829 567 866 437
135 530 35 499 563 99 103 136 389 556 686 754 973 86 619 45 759 5 255 544 633 220 345 485 799 794 282 617 771 918 181 990 258 23 791 32 394 869 11 212 87 414 658 382
168 139 157 351 849 148 5 584 215 472 193 138 74 43 162 32 661 313 348 714 17 311 200 185
183 432 160 32 8 26 879 5 335 174 279 14 352 942 86 47 37 551 275
185 168 32 8 79 116 5 268 66 17 202 69 16 723
187 108 191 527 20 10 5 405 17 235 547 34 190 970 41 7 129 144
191 148 187 161 171 5 12 515 78 16 42 102
230 268 6 12 795 240 609 5 433 397 550 822 617 749 708 201 455 64 11 171 252 320 724 840 306 60 182 298 40
234 744 253 270 365 12 834 68 511 5 70 368 751 113 842 43 442 28 523 778 779 590 13 538 34 652 141
243 580 218 133 45 140 5 442 17 249 976 14 83 107 141 327
255 241 32 208 135 5 76 27 366 55 633 131 40
272 192 11 546 5 134 35 12 215 196 268 812 147
276 211 741 73 103 973 208 152 5 426 433 529 509 760 624 263 14 107 9 740
279 251 152 18 887 774 270 5 215 183 407 154 864 709 164 147
285 211 282 32 26 267 5 228 12 342 13 567 198
329 51 12 683 880 613 678 5 798 37 59 614 520 403 564 14 885 32 110 128 83 525
342 746 395 326 32 45 285 5 43 820 66 47 202 40
346 266 124 71 10 5 195 957 618 48 14 82 297
375 68 137 266 353 361 654 45 913 546 5 74 48 86 905
394 211 507 84 302 321 135 205 5 888 994 66 962 235 21 566 745 668
400 219 148 892 98 5 178 259 477 847 46 41 15 386
408 45 217 5 25 6 364 65 105 351 328
411 52 543 91 199 331 8 5 677 80 12 718 34 419 906 166 857
420 540 935 586 84 19 61 998 274 10 5 215 174 438 115 16 444
430 67 524 605 8 9 45 980 5 35 13 34 14 323
433 276 230 913 5 273 103 34 14 637 973 114 254 344
434 568 19 665 365 10 5 98 442 235 873 78 69 47 165
455 52 18 230 395 980 305 274 97 565 5 43 74 666 475 968 953 478
458 741 289 97 814 5 12 296 117 198 577 676 376 82 866 164 462 723 888
518 629 788 362 921 936 152 931 640 562 10 5 610 393 25 515 588 674 807 465 498 891 200
545 68 589 380 946 5 914 174 13 407 918 224 241 826 465 172
546 272 375 816 133 159 5 74 228 213 224 732 627 172
554 310 967 950 8 5 401 215 12 259 48 588 939 339 723 49
574 524 133 50 331 5 836 228 99 48 396 354 670
590 682 108 92 19 5 134 943 201 297 538 652 16 234 925
594 912 108 459 842 5 515 17 46 238 14 104 561
621 75 680 195 267 5 920 890 993 994 882 46 69 461 982 164 542 40
626 395 302 32 8 5 612 66 203 356 745 16
635 787 466 106 5 171 33 65 472 112 462 397
641 160 998 11 124 10 5 497 631 58 802 41 7 844 936
653 18 958 150 453 45 195 71 5 666 854 877 740 41 402 104
663 251 177 649 5 178 17 953 435 115 341 15 925
669 500 412 266 32 5 70 207 24 60 506
676 458 5 12 427 196 13 207 588 742 36 516 848 903 828
702 152 205 5 33 576 818 452 598 472 339 479
742 738 353 265 321 822 5 463 719 176 676 402
747 715 53 619 5 228 12 78 829 566 37 723
750 68 784 269 887 30 321 161 5 920 66 364 909 14 488
760 276 359 20 5 268 38 312 131 147 264
764 695 649 161 721 74 98 5 12 362 165
766 496 424 491 11 5 70 914 469 472 112 165
786 68 73 289 371 5 612 17 979 224 358 72
815 162 726 825 5 74 601 711 117 39 782 756
825 424 815 11 5 66 78 578 325 90 790
829 762 110 383 5 157 78 740 747 486 775
853 308 97 106 5 171 38 548 939 922 164 42 849
863 169 429 5 268 196 207 556 811 14 164
878 432 990 11 71 5 295 222 170 141 208 102
886 68 907 140 5 6 770 99 235 130 553 296
925 473 816 632 97 5 943 590 689 663 36 64
945 107 265 20 5 66 145 203 21 198 328
953 266 269 5 663 455 200 435 397 7 340
960 294 558 5 38 27 526 229 567 7 668
984 271 332 204 5 6 22 821 16 85 471
987 280 11 5 80 12 77 14 917 165 482
999 922 45 5 35 714 840 13 823 170 716
6 51 35 38 221 603 18 473 124 969 275 792 483 958 805 847 464 31 42 210 978 12 576 78 489 684 19 45 562 10 536 369 984 587 49 72 520 290 14 869 11 17 117 235 128 69 101 866 449 408 787 230 946 422 519 65 317 514 22 297 59 552 282 177 143 64 504 528 450 811 782 908 729 343 63 988 593 862 524 148 76 808 176 57 457 550 828 26 821 598 886 715 806 13 891 652 41 917
38 261 960 197 6 343 27 109 351 202 328 144 871 640 370 8 901 10 584 366 24 132 578 544 16 853 796 948 473 118 760 44 124 125 442 28 768 410 807 36 415 163 533 64 784 852 623 950 305 569 11 320 13 461 355 42 492 639 88
42 592 399 73 192 887 195 210 268 6 295 12 38 142 126 65 985 474 585 347 52 108 148 289 79 426 493 16 853 57 534 550 509 96 695 44 120 26 149 20 74 43 134 177 191 841 918 354 102 23 91 569 11 398 13 622 41
57 59 280 51 8 9 79 527 10 6 22 12 959 13 115 42 94 264
76 570 67 519 497 729 6 35 491 788 402 10 312 255 177 43 771 46 190 14 121 668 496 23 9 93 34 250 492
101 893 6 417 548 227 299 19 239 10 176 132 637 633 732 620 150 790 796 118 424 44 113 290 189 401 495 631 213 807 14 179 341 64 778 605 9 11 17 717 981 533 449 478 437 88
117 169 458 139 284 6 12 781 303 111 601 997 89 603 977 223 219 44 274 495 43 233 815 82 319 993 162 361 714 338 13 182 83 41
124 96 162 73 120 292 195 22 6 38 641 13 39 346 182 115 7
176 210 655 6 104 851 251 37 72 336 742 14 105 9 252 398 101 419 41 90
177 287 6 148 927 10 76 49 209 199 193 274 572 940 164 663 121 23 32 355 42
210 530 195 270 6 229 15 52 19 701 176 456 72 481 336 668 715 569 391 13 69 42
282 152 421 995 193 285 135 98 6 12 281 17 48 356 439 132
290 650 75 44 10 6 33 43 17 196 595 704 101 516 7 381
422 108 331 6 228 763 366 39 410 452 610 47 241 328 725 776
449 302 150 9 609 6 232 941 128 101 323 82 37
457 6 548 100 849 524 359 582 675 18 56 26 14 967 7 507 724 17 809 728
473 396 990 11 71 6 203 38 196 450 576 595 793 894 105 925 643
489 54 524 32 6 46 111 407 107 246 275 40
504 140 151 188 573 6 228 814 142 917 7 444 456 147
519 242 672 32 138 140 71 10 6 337 76 873 622 683 64 944
520 329 528 204 74 6 493 99 291 298 578 82 129 696
524 160 496 402 574 430 541 35 6 369 553 86 658 489 457
536 269 113 11 161 195 6 969 34 339 7 275
550 687 230 19 467 120 113 74 6 719 782 516 756 42 37 844
576 762 73 698 6 15 702 765 469 595 798 843 473 665 116 666 581 957 275 465 912 692 855 955 182 21
587 248 915 302 614 10 6 644 846 381 17 233 674 472 340 345
593 570 106 6 245 12 103 454 180 164 165
652 152 302 216 265 11 6 590 390 322 658 234
729 734 11 10 6 74 76 465 754 200 333 308 227
787 162 425 138 146 6 920 515 635 65 41 828 264
792 73 488 654 6 490 103 396 16 104 88
805 242 75 266 11 6 80 714 103 14 180 932
806 650 52 269 609 20 10 6 213 579 930 860 616
808 137 885 50 26 79 110 74 6 501 373 72
811 332 204 321 11 74 6 863 904 13 39 603 835 104
828 787 19 35 6 196 686 607 65 676 561
847 91 400 428 628 6 259 427 377 166 328
862 604 11 837 6 555 136 48 538 21 102
866 458 523 615 110 43 6 398 141 15 525
869 118 428 44 135 35 6 714 916 538 697 940 7 930
891 518 51 6 200 34 452 21 745 16 172
908 559 998 428 995 8 45 289 358 6 104 325 175
917 705 680 32 504 6 490 987 103 391 547 919 173
946 68 562 545 6 515 781 41 115 141 72
958 653 53 333 6 398 221 24 7 557 102
969 907 73 761 536 6 12 770 235 179 525
978 137 844 692 467 171 6 388 366 238 551
988 137 160 661 151 11 503 6 706 114 72
7 302 874 856 922 180 340 75 761 214 324 16 456 62 96 614 124 953 471 523 958 159 158 40 549 960 580 12 694 830 474 144 849 52 194 316 10 536 797 244 932 49 167 262 61 624 583 116 290 25 771 515 14 716 693 869 216 218 720 11 348 69 170 112 697 301 73 268 27 325 813 317 114 443 986 113 292 383 46 909 894 504 212 60 123 259 174 48 142 349 111 512 412 187 217 66 435 636 344 457 209 155 673 28 36 82 308 779 641 13 410 131 378
40 169 592 831 580 230 269 428 245 12 349 277 489 488 68 503 342 255 89 166 620 456 173 932 56 986 204 624 26 292 20 564 263 612 621 674 46 438 14 967 82 7 494 218 9 11 911 33 962 17 87 34 153 254 643
111 50 553 489 68 445 980 992 774 10 447 80 95 388 818 926 383 617 644 859 222 233 36 82 7 889 11 498 391 13 117 207 464 968
112 18 766 10 35 43 70 103 312 13 418 635 41 7 975
113 280 295 174 39 648 65 412 480 22 536 368 132 756 114 234 550 18 665 459 149 14 7 710 305 11 868 250 101 41 90 975
116 687 991 280 106 531 259 417 377 576 350 180 15 723 144 584 226 238 283 425 466 292 943 631 28 696 7 47 181 102 507 924 9 720 11 779 13 69 578 185 517
123 75 32 10 35 232 12 17 77 14 906 244 7 37 264
142 907 184 648 115 86 381 239 726 22 98 66 493 469 906 633 264 888 137 262 970 7 982 504 11 159 868 128 42
155 156 23 67 331 22 66 409 46 14 114 7 153 88
159 688 258 18 293 734 32 546 10 627 629 103 142 89 21 732 7 129 37
209 67 73 51 109 386 108 315 435 18 177 74 940 257 7 181 247 498 364 492
212 68 216 110 11 135 10 405 200 114 7 85 37 465
218 52 53 139 468 243 682 734 11 136 141 69 132 7 40
244 762 32 204 189 627 7 77 349 36 123 801 58 37 121
268 230 272 278 597 79 558 66 863 777 843 344 760 199 185 859 14 7 668 523 11 252 320 358 42 525
292 18 40 116 124 70 134 322 13 921 115 7 49
301 619 120 26 10 98 601 555 103 309 391 130 910 114 7 85 64
308 92 140 729 10 134 215 12 99 588 7 15 853 482 208
316 334 44 138 11 33 12 686 46 69 603 41 7 227 373
324 300 834 78 65 53 619 597 472 796 485 160 867 841 923 515 336 14 7 850 780 293 21 883 129
340 512 52 266 148 752 405 278 877 12 136 296 953 625 126 82 7 636 587
344 242 52 32 268 320 237 433 17 435 823 7 327 367 72
349 569 289 217 17 78 921 244 7 104 220 40 345
378 332 140 11 134 77 222 65 229 163 7
383 406 304 372 33 201 99 78 829 111 7 357 181
435 591 236 152 456 37 344 209 44 666 20 74 718 502 940 7 663 506 162 541 953
456 68 258 900 907 428 44 795 210 821 89 435 7 175 504 40
471 299 922 161 503 984 15 48 180 357 322 7 16 164
474 18 54 23 79 143 235 39 7 42 382
515 787 946 39 77 628 518 324 959 16 72 191 41 850 7 935 833 755 237 711 594 31
523 915 412 887 365 10 268 866 201 7 711 674 46 407 648 717 141 234
549 68 650 108 761 832 453 11 320 854 12 14 448 397 7 944
580 691 18 687 206 120 243 678 870 127 879 226 807 976 21 7 37 930 40
624 167 242 500 276 991 151 955 228 564 690 163 7 40
636 571 195 235 591 128 21 397 7 340 181
694 19 321 841 143 12 351 196 539 7 164 327
697 269 353 843 305 678 869 10 577 393 114 7 175
716 428 172 10 33 215 999 14 745 775 7 16 175 49
720 762 19 11 106 116 527 777 39 873 69 14 65 7
761 432 852 611 11 106 901 300 969 12 36 7 104 549
771 169 685 135 10 76 136 250 200 7 241 790
779 62 29 225 9 116 376 36 154 7 234
797 8 774 757 43 228 812 389 36 7 15 656
830 32 11 22 564 657 16 7 15 164 585
856 778 294 70 7 307 330 469 141 297 64
874 589 9 50 10 80 228 58 651 7 47 977
894 794 473 219 619 901 232 143 12 923 802 7
922 52 900 45 558 205 423 141 999 7 853 471
986 152 118 208 172 503 563 13 544 7 40
8 827 302 38 548 154 976 180 785 214 554 16 62 900 204 74 403 263 179 396 542 258 237 90 478 88 211 428 12 895 609 10 797 626 360 997 401 25 475 14 415 982 993 151 11 833 200 21 185 744 50 27 15 453 430 215 366 526 575 472 297 30 627 623 838 298 358 315 570 682 908 642 995 217 57 137 799 794 199 125 134 28 183 36 322 102 23 33 411 13 461 703
102 615 127 497 35 309 719 180 878 862 8 45 289 526 578 314 552 606 191 116 20 721 228 418 916 222 36 82 958 265 17 13 128 34 182 200 538 42 158
125 799 363 334 8 9 74 278 66 38 13 39 622 82 241
179 428 12 78 15 8 529 620 137 223 695 819 425 206 44 437 969 326 32 151 101 165 643
200 73 530 729 35 436 12 553 180 656 54 168 359 518 8 246 220 137 470 30 771 213 953 780 102 479 379 326 406 212 348 911 891 713 900 974
204 318 12 39 980 8 71 405 712 751 984 244 16 219 520 74 581 82 670 496 32 413 679 11 237 391 811 414 40
211 767 285 854 12 934 513 8 10 607 864 664 432 242 228 46 36 47 276 216 394 286 33 398 13 34 905 153 525
237 611 106 556 65 934 8 22 344 395 204 25 515 233 736 105 198 670 561 763 235 567 933
258 762 135 522 180 795 68 971 8 95 369 456 964 650 25 336 190 326 605 32 159 153
263 276 870 8 138 11 71 833 12 13 226 306 407 967 283 37 64 40
298 230 19 199 520 8 26 867 171 178 99 13 475 419 352 288
315 209 784 19 425 8 50 757 80 201 228 39 221 704 15
366 827 687 568 422 50 106 38 229 351 100 8 255 297 801 427 479 11 391 978
403 329 670 18 359 8 106 300 136 603 115 198 323 645
428 908 51 423 929 104 8 508 456 509 943 179 716 559 869 647 33 847 13 306 21 40
453 752 767 642 12 39 973 645 266 8 66 793 62 395 653 872 14 448 82 968 549
461 96 715 608 197 778 8 10 621 203 38 259 556 997 362 163 492 72
472 766 343 566 104 795 936 702 168 8 597 267 324 10 926 587 61 630 14 899 496 11 635
475 902 32 623 8 9 286 10 85 673 174 455 298 15
478 395 8 274 352 401 228 455 101 36 170
548 853 51 8 11 664 401 12 555 101 539 180 37 457
570 593 162 387 8 97 423 76 12 103 34 165
575 167 19 8 20 388 431 226 34 257 297
609 169 230 698 8 806 145 201 965 452 36 357 449 64
623 8 79 490 38 226 475 78 452 154 482
627 96 84 615 8 267 159 546 714 66 244 16
642 62 395 483 687 8 453 833 955 983 12 838 39 651 872 14 82 150 898
682 251 218 51 8 138 10 426 590 646 69
703 68 675 571 8 895 306 419 567 390 47 181
744 8 558 270 749 841 33 12 618 235 522 65 234
794 73 494 8 135 10 231 136 398 454 894 333 851
833 741 951 8 45 97 642 263 515 235 128 656
895 160 424 8 11 106 322 134 236 703 173
900 52 8 188 401 99 200 34 202 922 15 456
976 580 73 243 606 8 193 295 201 12 492
982 137 75 8 267 621 201 364 142 561 49
995 18 908 282 421 8 739 205 840 34 163
997 242 44 8 43 117 704 249 21 461 484
9 500 399 67 874 245 555 221 100 75 54 547 469 16 84 646 487 840 339 31 58 40 269 232 772 12 532 19 71 10 765 810 873 607 557 49 206 116 572 475 14 105 257 727 685 11 941 17 101 449 615 133 99 781 15 980 430 558 24 241 160 707 660 149 899 198 780 625 981 468 63 103 350 512 672 148 480 405 76 176 620 175 57 826 799 26 125 28 178 438 276 692 779 93 33 13
93 18 262 67 334 9 11 10 70 76 13 190 14 16
99 310 907 135 12 157 979 574 347 871 19 658 79 22 66 959 582 544 843 220 49 242 900 948 520 193 138 383 336 572 82 47 308 354 886 32 413 9 151 541 730 252 419 298 303 141 482
105 67 611 12 19 359 97 10 66 176 397 473 20 673 122 528 9 11 966 237 41 408
149 514 206 44 9 113 678 43 681 66 763 582 13 34 132 919 42
175 908 51 195 106 205 136 27 897 392 22 226 130 963 603 843 456 260 353 583 20 859 134 201 716 899 9 840 41 697
178 400 161 232 531 27 477 678 901 70 89 657 16 37 26 28 579 336 404 940 198 663 32 9 298
198 458 827 687 615 285 12 174 352 299 577 945 738 18 552 571 403 178 201 404 872 107 85 327 507 9 11 812 237 840 311 782 182 88
257 77 15 632 140 575 876 241 16 260 209 446 537 823 322 82 692 32 9 13 717
269 195 106 103 317 750 97 536 231 407 773 26 372 953 438 275 32 9 320 806 699 311 306 697 40
339 167 52 702 199 32 9 465 536 48 389 128 469 554 37 328 49
350 19 832 44 9 193 11 116 10 214 631 13 501 297 557
405 54 204 187 9 212 134 388 14 964 340 72
438 935 586 269 9 289 20 564 309 751 236 164 15 753 420 40
469 137 692 32 600 9 856 766 10 33 576 142 14 339 335 328
480 746 483 974 51 9 113 106 70 12 431 464 595 454 357 826 783
500 280 32 51 9 624 669 497 300 231 538 163 202 72
532 162 19 602 9 11 43 87 13 128 396 181
555 902 54 862 9 558 666 98 490 12 548 452 170 301
557 592 705 958 9 110 633 70 136 547 350 273 37 328 397
558 744 960 586 195 268 12 555 942 922 585 54 24 526 607 14 265 9 706 981
572 68 160 266 177 9 71 74 772 99 128 82
625 512 543 363 32 9 664 232 132 69 932 939 37 340
660 294 395 192 120 9 98 12 14 83 939 848 381
672 53 32 265 9 195 365 519 221 41 333 727
692 32 459 9 289 978 576 638 469 107 114 257
765 53 162 698 9 205 576 48 416 956 14 357
780 148 9 287 324 134 70 77 200 130 656
781 247 738 685 946 32 855 9 117 753 41 16 275
810 266 32 9 10 66 221 646 132 773 333
941 864 9 228 215 336 36 843 449 150 790
980 496 219 204 9 430 455 111 82 15 104
981 54 265 9 558 245 101 90 727 975 616
77 253 287 12 987 291 52 271 511 10 66 712 244 16 37 630 515 768 502 257 47 780 32 11 338 123 58 819 378 996
81 741 294 73 146 490 256 100 359 140 79 10 312 24 96 44 25 43 28 404 222 14 965 501 265 110 955 21 753
127 108 92 580 133 649 11 10 12 128 34 132 753 107 163 37 49 102
152 310 67 73 287 994 279 645 702 518 331 10 662 80 712 24 132 529 435 114 16 260 705 84 282 600 986 681 431 276 162 13 652
166 318 12 929 251 108 931 649 10 476 858 16 735 738 44 20 427 14 910 254 47 32 937 847 411 713 419 482 40
182 91 230 120 801 124 10 134 576 17 117 198 307 404 115 521 16 769 102
192 272 73 629 174 439 451 109 683 788 100 75 684 971 10 712 660 219 30 846 14 967 293 715 34 42
238 318 205 284 245 929 174 402 851 194 10 426 16 30 116 74 859 46 36 952 763 758 594 978
249 804 160 243 151 10 103 13 410 997 130 132 21 246 283 748
274 52 478 32 177 10 228 897 455 117 46 115 420 172 72
294 960 278 856 86 52 29 649 10 81 16 424 660 138 201 431 14 305 677 791
314 50 45 10 146 943 281 13 69 36 15 319 102
321 831 302 270 103 136 694 325 351 921 944 726 750 503 10 463 66 369 654 913 25 28 742 501 870 379 394 17 207 391 811 989 525
328 302 422 565 35 38 947 10 584 777 226 469 945 119 557 425 36 533 727 889 64 487 33 847 339 370 129 408
332 139 530 12 985 266 10 226 476 595 984 835 37 26 505 904 190 811 728 60 414 378 158
334 885 92 118 316 93 10 43 125 17 14 333 616
337 990 18 915 84 73 443 265 614 519 270 10 920 33 201 41 115 517 875
341 251 23 199 61 30 605 20 10 284 875 101 303 663 990 479
352 139 788 944 10 369 552 608 606 26 43 564 183 198 85 11 364 13 298 478
370 79 10 38 17 13 136 24 47 297 328
381 223 871 784 91 660 290 10 35 232 12 226 142 64 587
382 18 45 135 10 12 203 14 357 322 37 474
418 379 219 120 10 22 228 12 436 46 112 102
441 160 600 752 110 487 10 70 43 74 228 451 836 923 65 164 173 551
444 118 420 32 700 849 11 267 10 146 504 12 959 968 115 147
454 593 794 197 466 45 11 195 10 22 480 12 13 128 598 516 15
465 741 197 698 729 576 103 979 29 19 518 45 10 595 864 424 846 82 212 545 339 903
476 332 822 655 10 66 427 69 65 236 166 16 327 639
477 54 108 400 655 10 66 136 178 777 132 65 41
481 84 302 210 10 25 245 875 89 396 410 893 72
490 792 831 118 623 44 832 79 842 10 43 917 12 81 555 78 657 170 49
492 242 209 880 10 76 38 66 312 976 461 801 275 144
494 18 794 937 10 28 12 126 55 21 141 49 40
497 500 32 30 50 678 10 43 76 641 989 591 132 610 942 16 791 304 102
505 68 332 10 201 439 712 728 502 362 114 47 131 776
540 10 43 385 231 439 989 69 36 396 521 420
577 137 458 32 331 571 767 11 10 770 311 114 697 198
605 705 258 162 45 430 10 388 128 101 229 341
610 395 108 884 422 518 497 10 134 674 34 637 224 657
612 302 73 459 10 25 12 203 196 626 786 462 40
616 54 334 530 171 10 228 12 806 914 233 390 981 335 888
644 10 245 587 281 103 914 961 966 78 14 111 410 144
654 792 266 375 615 321 10 33 103 464 16 839
670 204 11 10 403 237 450 493 46 55 574
671 75 151 267 393 10 584 463 357 501 585
675 197 466 11 655 10 961 78 132 419 703 457 506
706 73 265 661 558 10 859 439 717 65 41 737 58 988 954 172
718 139 543 133 151 530 10 74 411 435 21
733 56 91 79 724 10 163 13 651 719 82
738 110 161 437 10 957 259 781 582 742 683 166 198 144
755 586 365 10 508 203 398 515 13 86 16
757 302 32 71 10 797 28 109 14 36 15 315 933
776 691 18 422 505 129 10 401 427 297 790 725 875
789 184 617 10 98 460 66 17 34 55 273
798 329 707 110 11 10 300 28 576 288 236
804 685 915 680 10 66 103 12 989 712 60 249 323
841 744 693 324 10 439 196 694 256 396 42
848 54 660 32 71 10 70 171 196 676 55 974
867 56 139 496 324 10 278 495 12 298 275
883 608 32 387 11 270 10 324 450 556 141
892 400 67 45 289 10 35 74 13 82 227
913 375 361 321 11 10 433 41 273 165 49
914 162 302 11 766 10 545 644 12 235 616
918 23 135 10 545 109 46 16 164 42 367
928 19 930 10 74 355 36 491 322 100 37 173
935 266 429 270 10 515 196 431 438 141 420
943 428 116 10 590 563 174 377 314 358 925
957 738 459 11 144 10 188 576 346 322 181
983 907 51 10 642 80 145 777 522 14 843
989 540 804 685 359 321 497 10 134 196 296
991 68 685 624 116 10 531 564 966 994 369 49
992 96 293 679 919 10 22 39 36 111
139 261 530 136 377 352 944 156 29 168 19 562 215 395 902 867 832 44 134 228 718 14 275 685 326 332 218 937 661 11 313 145 87 117 356 711 34 956
164 458 441 387 731 754 694 279 830 202 75 593 412 700 409 863 732 709 853 49 96 177 571 138 20 861 134 621 438 918 471 551 535 110 11 487 60 41 165 367
172 762 133 12 180 585 52 97 503 508 704 732 16 72 986 274 716 11 546 545 17 706 891 21 170 373
197 762 133 38 897 65 651 227 484 108 368 547 454 906 835 735 167 96 675 384 427 222 909 823 465 248 800 32 11 128 461 129
205 827 67 106 922 86 521 21 702 995 429 71 765 238 175 353 64 162 394 11 510 41
220 68 19 73 11 135 195 43 99 13 349 200
222 96 197 51 265 571 11 81 17 878 14 111 15 378 102
229 960 210 259 48 65 15 488 299 19 366 132 926 707 120 228 427 404 507 162 605 11 378
231 540 500 794 269 32 443 604 11 12 818 13 686 41 16 462 49 72
250 169 18 620 113 767 11 146 43 12 76 771 537 333 16 462 147
254 52 53 32 11 433 65 41 170 166 85 40
264 787 278 12 377 142 335 251 589 54 640 493 547 906 737 119 57 118 760 561 64 730 11 123 933
267 599 285 392 147 75 601 132 472 444 37 84 189 621 631 923 671 163 627 982 32 11 763 717 539 21
305 18 52 294 113 11 232 295 834 38 455 526 942 858 21 697 16
326 258 139 92 726 11 171 66 342 235 200 179 107
347 468 19 459 726 289 11 463 201 15 99 14 114 415 82 42
354 52 665 32 11 42 749 228 12 99 674 713 788 21 410 16 327 574
359 734 106 136 719 236 651 115 147 81 732 457 56 695 760 403 105 560 11 989 200
389 608 658 331 560 11 20 135 339 541 66 797 356 39 911 21 333
413 242 19 32 204 11 70 99 39 307 41
417 470 116 11 393 300 809 360 256 807 14 101 357 864 15 819 977
429 935 445 266 353 600 11 205 66 103 863 522 21 82 15 72
446 23 118 32 11 43 33 638 36 322 257 386
479 75 702 11 12 366 13 207 200 452 648 396 341 664
496 160 91 262 204 424 524 867 11 766 74 980 76 89 472 996
503 52 988 986 120 321 331 11 172 471 12 15 40
525 211 329 52 907 73 44 148 321 11 969 268 563 36 866
527 108 613 187 720 11 195 66 956 13 180 46 119 57
553 432 108 23 524 730 11 348 330 200 14 111 974 886
564 329 991 67 624 11 438 34 352 830 82 333 639 40 485
571 11 365 245 143 198 222 522 577 224 636 703 164 181
581 18 483 931 998 204 632 11 666 70 143 66 12 388 576 596
588 967 518 11 12 207 109 554 676 448 47 308 791 975 260
592 514 739 11 273 727 34 130 788 163 42 753 557 40 585
629 251 293 424 192 518 45 11 159 631 78 130
648 169 523 778 113 679 11 803 13 142 78 36 41 479
650 258 30 11 290 33 12 136 806 904 46 549 903 373
688 54 399 44 11 159 385 12 916 711 89 758 390 37
695 827 32 359 11 764 362 578 179 303 42 357 643
732 318 359 11 159 546 861 103 101 801 164 482 172
734 67 218 359 459 11 159 729 174 14 170
739 68 592 995 11 171 487 228 979 24 34 190 41
740 653 75 276 468 887 50 583 11 854 829 407 21 860 144
822 230 599 11 79 631 476 742 89 86 49
831 643 321 11 490 228 897 34 14 620 488 40
890 514 528 11 401 621 681 388 17 579 15
934 211 948 92 216 11 161 22 43 12 237 36 993
949 133 759 11 35 66 309 763 961 78 47 634
952 18 948 425 97 11 859 426 451 238 129
966 363 991 110 11 644 899 13 105 355 15 517
974 293 265 11 480 820 431 200 553 848 795
990 242 473 214 337 11 135 22 217 341 878
70 169 280 731 365 766 300 12 491 856 115 513 45 480 22 511 186 848 16 234 241 557 167 62 705 44 292 669 721 43 581 178 689 431 14 780 413 535 93 33 145 391 41 112 141 441
89 184 50 12 109 688 53 19 45 66 456 37 822 371 481 178 82 47 293 496 162 800 159 117 40
115 946 50 337 12 834 142 154 645 194 359 658 97 70 80 393 444 57 705 614 138 124 274 292 403 201 58 420 663 748 247 91 998 569 145 182 41 358 90 517
122 51 120 20 43 35 12 27 970 154 105 100 49
138 294 682 787 51 519 12 99 309 39 115 513 53 168 316 79 596 80 876 397 16 49 372 201 203 263 164 327 559 961
140 243 50 519 106 436 12 48 221 543 81 16 932 28 36 257 308 504 886 32 809 69 378 367
165 570 568 766 12 987 78 491 973 645 251 593 19 45 774 637 246 283 844 72 799 913 764 203 646 36 14 448 179 164 64 23 434 711 225 482
184 52 253 23 84 789 195 859 12 409 17 27 87 142 89 14 607 889
208 741 12 48 78 878 52 601 255 150 37 691 986 384 861 14 82 308 85 276 151 961 374
280 500 514 608 148 113 116 217 865 70 85 12 364 987 968 21 16 57 975
291 915 51 240 45 520 701 35 673 12 743 77 107 100 129 488 64 875
296 458 767 12 618 65 376 390 683 351 340 52 416 712 735 44 20 43 14 85 64 886 950 541 13 989 355
330 53 148 26 856 372 12 119 235 100 872 419 55 553 47 241 964
331 422 12 389 104 574 152 266 79 503 385 577 919 37 608 155 872 967 769 91 17 411 303
335 270 12 788 491 795 584 469 704 264 137 44 20 183 275 924 911 33 21 616
351 168 321 35 63 38 12 203 226 366 34 694 296 355 408
367 746 54 140 106 12 281 48 918 55 164 881 344 144
391 32 204 321 842 210 836 70 994 12 366 712 578 14 414 111 917 501 301
407 523 67 269 545 263 12 279 277 740 65 323 21 489 275
436 459 133 140 79 147 28 12 418 809 956 200 41 64 551
495 137 867 12 556 13 117 132 101 41 104 49 345
502 684 19 505 877 33 12 174 201 77 228 486 435 85
533 44 12 38 27 13 598 36 101 910 402 141 963 328
539 299 160 267 71 865 66 12 196 548 694 132 82 275 634
544 108 986 615 45 135 320 12 38 99 563 46 14 129 933
560 359 98 232 66 12 13 389 224 333 147
563 986 525 135 161 617 701 228 12 174 579 39 943 78 758 544 485
582 738 528 915 149 106 842 25 12 99 87 451 396 826 457
599 822 267 401 35 12 78 34 65 256 775 273 49
645 152 52 950 453 106 403 12 414 357 115 165
656 18 51 45 731 833 401 797 12 201 812 200 186 36 100 780
664 211 73 51 837 12 548 625 24 526 83 479
678 329 18 580 149 497 178 12 69 697 180
689 32 30 562 70 12 13 464 713 578 925 49 72
712 804 152 192 73 204 505 12 391 77 374 947 296
731 261 559 817 70 12 591 34 41 141 164 656
751 56 528 204 188 12 136 109 438 538 234
778 302 951 679 856 927 98 12 916 803 904 256 648 101 461 850 234 144
788 592 192 518 498 76 12 14 352 335 354
791 294 193 135 497 12 588 207 46 36 748
800 162 197 61 133 401 12 39 221 89 566
802 96 44 66 12 17 39 307 641 894 975 857 551 72
816 399 412 546 74 300 562 12 36 141 16 925
843 912 44 870 983 268 12 99 576 941 968 83 393 697 175 534
857 51 148 12 15 411 13 618 419 802 16
881 589 62 680 278 66 12 17 338 14 367
901 586 761 51 195 178 38 28 12 374 894
902 139 421 927 423 562 994 12 174 555 360 475 782
905 211 375 97 134 43 33 12 579 813 506
911 137 118 534 12 17 389 24 200 335 40
916 688 778 54 869 541 12 48 452 37 102
937 139 84 494 193 12 493 196 36 166 129
942 84 305 558 497 183 136 12 770 683 275
950 195 541 12 38 48 39 554 357 296 645
998 908 245 581 12 641 41 115 131 104 420
153 211 258 509 227 421 98 155 103 17 13 27 46 397 15 49 147 40
265 337 772 386 75 672 931 214 45 558 66 81 493 945 775 262 43 222 742 896 102 406 955 13 706 652 981 974
406 108 608 880 265 602 383 666 201 235 13 200 60 36 938 64
442 52 243 195 434 259 38 13 128 141 234
451 108 67 192 79 845 320 33 582 13 952 64 441 260
485 18 293 619 135 324 541 80 563 564 923 13 807 464 728 858 41 297 104
573 483 91 824 597 426 13 464 14 21 358 327 504
619 710 160 135 324 98 66 388 923 13 747 894 301 64 485
677 137 294 103 411 13 821 36 362 402 246 15
795 258 230 889 206 974 195 171 33 13 472 335 456
897 831 685 197 274 562 13 809 14 82 175
967 192 331 263 588 683 13 554 386 457 40
242 211 519 99 54 19 997 344 167 624 26 14 448 990 824 32 413 805 313 877 235 41 492
252 118 73 230 45 268 99 27 39 176 14 104
293 192 629 278 63 591 325 992 324 22 89 16 485 56 842 14 159 348 69 974 893
306 29 230 269 428 193 45 423 203 263 17 281 450 14 703
482 251 623 732 463 673 99 27 103 681 987 14 322 166 308 165
498 169 509 395 209 518 161 788 431 111 14 773 21 180 462 506
585 68 592 361 558 859 830 671 34 14 224 82 246 42 977 172
630 710 66 17 77 109 256 130 14 472 47 297
668 960 394 239 79 210 268 76 66 368 14
752 459 453 597 730 136 14 288 735 340 441
796 167 18 514 324 38 39 101 14 163 769
820 299 262 662 460 203 66 342 14 100 974 260
837 23 862 51 161 146 281 956 598 14 537 664 373
842 261 293 490 391 582 591 452 14 594 234
852 52 761 855 38 717 132 14 323 82 850 104
872 483 331 453 642 17 327 330 14 198 323
875 915 133 337 134 481 631 291 14 341 488 776
944 139 321 519 879 426 103 69 14 352 549
970 187 228 427 142 14 773 21 122 926 534
312 18 760 698 32 20 492 76 81 145 674 190 112 15 37 921
393 146 417 174 357 115 566 15 412 518 737 843 167 671 36 516 924 171 450 196 697 129
416 948 302 353 50 289 106 423 765 85 659 48 39 296 15 790
419 675 18 99 15 411 180 176 330 703 298 719 857 166 16 973 506
432 211 35 78 553 273 878 15 104 75 640 761 818 509 183 46 537 899 23 855 622
448 242 685 453 975 300 588 246 34 83 21 236 90 15 165 773 549
701 240 210 74 563 15 579 277 291 16 534
719 620 359 51 550 733 742 782 69 419 651 47 15 926 102
753 592 395 127 85 727 81 781 438 141 15 49
790 827 665 825 228 427 771 941 39 416 101 773 15 776
818 432 702 19 714 231 356 39 111 15 783
835 108 197 332 270 228 463 813 904 811 15 104
855 432 160 852 865 66 576 781 834 522 939 15 173
864 211 784 71 417 941 297 279 529 15 465 144
880 329 62 406 535 365 492 770 15 37 260
882 137 445 216 106 71 621 404 777 36 889 15 933
195 184 269 210 618 78 376 795 251 667 672 214 45 558 901 536 80 454 636 16 175 173 220 653 614 124 527 442 621 346 950 311 69 42
338 251 680 44 120 361 161 174 297 77 117 39 537 16 881
365 174 484 672 880 19 70 793 16 234 534 571 861 431 47 323 993 523 755 434 17 356 355
373 650 67 44 316 387 837 85 33 213 808 904 202 947 170 16 172
404 507 971 232 178 81 66 198 235 46 182 229 882 16
409 162 184 171 155 189 414 21 236 164 16 144
437 738 302 44 110 814 297 207 101 179 358 58 16 737
510 310 32 51 71 20 205 201 174 369 16
569 467 206 42 210 596 38 17 349 115 16 64
579 52 528 707 32 74 701 806 178 563 768 39 890 905 16 275 181
611 691 761 51 240 535 35 43 237 41 105 16 37
647 169 395 428 353 971 26 845 618 768 39 226 809 34 16
681 241 152 514 118 149 890 638 34 964 170 16 482
832 139 302 44 74 22 490 350 529 16 549
947 118 50 777 226 712 803 47 16 328 373
162 169 570 787 467 205 270 914 39 126 229 86 521 532 75 152 168 871 765 409 307 89 435 932 534 353 600 124 815 85 800 605 216 602 17 117 938 462
236 310 951 423 259 591 895 21 53 359 409 493 476 435 798 18 118 43 143 213 438 36 448 379 17 41
287 152 120 177 45 20 17 77 431 256 55 85 323 780
666 710 653 406 581 596 555 576 455 17 34 435 723
721 51 45 764 70 398 17 547 362 102 297 72
898 54 73 642 203 103 17 259 170 119 327
915 523 804 337 45 17 39 582 291 587 875
203 302 35 820 39 351 898 54 214 45 511 22 385 626 945 260 96 18 473 138 612 755 306 461 165 382 643 88
248 59 18 53 108 197 32 44 106 33 129 587
649 18 294 286 764 127 98 426 427 21 166 37 663
704 18 217 290 655 46 369 997 335 315 634 172
724 705 18 160 230 680 74 733 39 65 896 58 457 839
879 18 194 399 19 580 51 944 426 183 727 49
940 18 108 209 869 177 35 178 674 435 173
971 258 18 302 192 73 45 647 404 362 933
284 62 52 19 341 33 215 117 24 238 114 246
362 439 109 19 518 971 45 217 215 66 72 59 695 425 505 721 764 323 677 699 717 311 461
551 96 871 19 836 426 436 183 39 802 978 164 275 64 441
723 458 19 325 116 666 82 554 566 747 185 104
930 580 928 19 32 869 460 806 493 174 333
565 395 92 561 20 85 398 455 173 328 484
845 459 20 647 136 451 39 618 64 260
889 954 67 184 20 95 714 136 882 111 328 795
919 331 992 149 20 487 66 803 917 141 131 488
414 332 204 45 135 313 401 409 391 21 119 645
470 43 33 245 417 235 463 929 200 69 256 758 21 561
975 424 280 448 113 466 588 526 802 981 21 112
962 395 73 266 394 50 421 22 136 58 40
608 715 23 280 406 331 98 215 389 736 883 65 352 461 633 938
632 23 257 581 66 464 357 114 119 104 925 317
784 23 421 750 71 371 38 39 864 315 386 381
844 23 467 97 300 631 556 641 225 978 165 550
517 363 337 116 270 146 531 659 966 136 233 24 115 49
939 302 660 402 855 25 136 625 554 273 853
951 137 778 53 363 833 846 25 388 87 236
310 152 53 32 521 730 98 99 27 136 46 510 65 554 236 355 996
531 54 991 387 116 178 157 27 309 225 283 517
996 167 310 496 302 424 812 27 77 107 634
674 523 445 518 722 587 28 312 34 610 940 354 40
711 523 688 139 108 685 871 601 28 515 128 815 165
834 855 305 324 460 714 28 87 311 522 115 234
667 907 30 50 188 71 195 35 217 270 774 233 793 319
836 395 871 32 148 30 228 391 803 551 574 441
289 458 908 309 48 349 65 786 785 347 892 508 66 307 416 756 371 74 134 401 438 36 501 102 692 32 421 661 838 961 196 42 304
311 168 73 32 269 195 98 834 103 577 283 362 198 64
424 294 586 50 106 629 655 766 895 325 86 80 825 36 323 465 496 32 101 486 903 975 996
466 675 75 817 32 97 116 171 134 228 48 635 128 454 975
534 707 162 32 120 843 365 129 423 701 911 39 970 163 42 323
686 514 443 32 316 45 135 33 231 450 65 828
722 741 707 412 32 371 295 48 674 34 107 119
807 299 580 32 518 541 417 38 728 101 485
906 912 197 32 98 74 80 411 142 123 325 264
938 608 162 32 133 406 295 300 60 65 785
954 54 32 151 714 706 34 273 889 297 121
979 96 160 698 32 739 99 322 297 786 465
202 75 373 500 185 71 33 66 38 342 538 69 578 170 900 164 49
736 247 96 608 412 33 237 136 622 69 49
777 720 947 983 268 134 33 477 567 882 542 328 49 345
809 140 647 35 33 417 436 897 277 522 968 457 304
865 96 280 216 855 33 174 78 539 173 643
910 343 33 228 923 235 533 36 114 166 85 301
537 432 685 257 837 146 300 338 34 325 250 241 37
595 473 332 290 480 98 812 576 793 34 41 396 465
726 347 326 321 74 463 66 235 803 142 34 130 815
774 251 667 467 50 797 109 279 34 36 111 165
923 619 267 324 228 34 910 894 37 441 485
959 679 343 143 66 99 515 34 444 57 345
522 68 156 258 744 73 571 855 151 429 983 35 80 95 834 809 131
743 97 134 35 235 291 598 83 390 273 104
745 394 679 79 161 35 601 201 450 626 891 775 716 888
336 258 160 948 71 171 210 324 178 99 941 176 36
493 299 509 265 520 930 937 129 85 142 36 236 42 670 264 484
658 693 266 524 135 320 99 389 36 652 114 115
713 483 61 166 228 689 200 36 180 129 354
858 137 586 305 43 232 36 41 166 104 485
861 707 91 365 846 130 36 732 164 769 208
933 223 971 530 757 237 201 882 36 303 264 544
529 152 52 276 302 559 832 864 66 297 179 322 129 37 542
568 827 54 680 434 281 174 366 207 392 37 297 165
586 137 424 558 755 146 901 438 104 858 47 37 420 304
839 654 759 724 43 388 87 657 47 620 37
578 695 520 825 116 228 66 38 356 391 689 538 709 202 102
871 68 75 162 836 38 99 711 803 985 963 551 381
319 251 667 219 117 39 277 307 314 107 100 64
387 570 52 225 373 50 146 531 463 631 39 622 883 55 82 709 164 49
763 422 148 149 267 98 426 237 39 238 132 949
885 329 334 74 43 98 808 136 377 39 173
920 194 75 483 787 887 337 750 300 621 39
509 156 432 276 428 98 498 201 493 42 153
887 523 108 679 750 146 584 920 279 740 42 542
700 96 108 302 146 43 196 225 288 164 444
737 167 50 393 437 43 770 327 706 390 323 264
931 54 518 265 161 43 581 225 107 166 357
538 271 500 862 869 133 44 361 590 464 234 751 578 202 150 102
968 280 44 453 927 965 455 809 111 843 444
591 293 118 817 133 45 731 497 98 245 842 145 435 236 636
705 152 425 605 45 724 82 70 917 115 141 150 557
907 667 239 45 969 71 983 368 99 142 456 886 525
994 152 902 991 817 394 45 621 174 391 977
762 258 197 133 720 79 576 46 829 244 172 72
961 675 194 949 138 289 644 78 46 131 208
631 137 746 52 387 822 116 267 629 48 641 350 78 101 844 875
710 156 685 619 113 110 630 666 772 228 821 48 235 973
921 518 321 292 597 312 48 349 78 283 748
327 243 146 694 180 573 898 68 604 463 66 388 476 737 344 49 96 138 872 965 198 354 824 535 486 304
201 294 230 50 337 754 745 976 115 656 347 513 609 380 114 175 260 509 59 61 606 138 383 505 768 502 982 198 523 406 590 510 58 131 315 933
618 744 912 52 353 50 151 195 647 845 346 130 598 857 296 131
955 52 53 624 265 151 232 642 145 81 576
793 667 160 54 473 425 453 365 851 595 225 345
854 211 653 84 583 79 487 136 740 65 549
388 261 951 890 111 619 759 405 447 66 575 114 839 137 581 516 965 327 605 196 128 69 978 131
617 230 789 135 66 368 563 360 78 369 111 325
956 75 139 527 837 320 765 436 66 756 651
859 271 184 585 268 320 706 238 111 952 175 72
691 580 687 73 611 174 813 277 130 358 963 501 208 776
973 710 685 276 73 453 135 426 433 419 165
425 251 705 75 787 302 952 116 362 793 132 179 225 521 315 328
977 160 262 133 874 994 80 417 117 83 819 585
741 458 468 276 615 722 833 146 81 450 465 208
770 137 880 817 151 969 171 83 309 233 577 942 114 82 886 737
817 325 466 151 161 731 994 770 103 591 114 85
521 251 310 540 162 91 425 205 439 182 396 297 893
507 394 116 97 235 404 256 229 170 198 457
683 329 738 192 519 106 584 228 296 651 942 967 114 144
