0 23 21 22 87 32 17 24 66 92 29 85 83 18 91 64 14 11 13 80 37 10 31 47 60 82 73 54 25
10 38 23 21 22 27 20 35 15 66 19 62 92 84 59 12 29 85 56 41 83 18 93 75 3 0 6 33 9 34 52 64 53 76 14 11 61 77 94 13 4 48 7 81 45 55 31 5 69 1 28 36 47 73 79 58 65 16 8 60 2 43 67 97 82 95 50 57 30 54 25
11 38 23 21 87 20 32 17 24 74 35 15 19 44 42 12 90 78 18 93 49 3 75 0 6 71 9 34 91 53 14 77 94 80 4 48 7 55 10 5 1 28 47 58 16 96 8 67 30 40 95 50 39 26 54 25
13 38 23 22 20 17 24 66 92 44 42 12 29 90 85 41 93 49 3 91 0 6 98 9 63 4 48 7 72 10 73 1 28 46 79 16 8 60 67 30 82 39 57 26 25
14 23 21 70 27 20 17 24 19 62 44 84 29 78 51 93 49 0 6 52 9 76 53 63 11 80 4 7 81 37 10 5 16 96 8 97 40 50 26 54
17 21 22 27 87 32 24 74 19 59 12 88 18 3 0 6 9 14 11 13 80 4 37 45 55 31 68 69 1 28 47 40 39
18 23 27 17 35 66 59 12 93 91 3 0 6 11 4 37 72 10 31 1 47 50 39 26 25
21 17 35 15 12 29 41 0 14 11 81 37 10 5 31 1 8 30 95 26 33
22 70 17 15 92 12 41 91 3 0 6 34 94 13 10 5 79 99 16 57 54 33
23 12 13 16 8 42 18 0 95 10 76 19 14 11 36
24 38 17 74 35 12 29 3 0 9 14 11 13 80 4 81 69 1 46 43 82 50 30
25 12 13 8 7 18 81 37 3 0 74 10 11
29 12 13 16 21 98 3 45 0 24 10 19 14
31 12 21 2 43 18 0 6 17 9 10 59
32 27 87 17 92 12 3 0 64 11 61 77 48 46 36 28 99 65 16 30 86 39 26 33
37 12 21 89 18 20 49 77 0 17 35 15 53 68 14 25
47 12 99 89 83 18 3 0 17 10 5 34 11 59 77
54 12 79 22 63 2 41 98 49 73 55 0 9 10 66 14 11
60 13 4 56 7 41 20 0 50 10 34
64 12 38 51 32 0 6 71 10 35 44 36
66 13 99 88 89 7 41 18 20 49 87 91 0 10 19 69 54 77
73 12 13 51 43 7 81 75 0 10 44 54 42
80 12 49 0 17 24 5 39 68 14 11
82 13 99 97 89 7 40 20 0 24 10 5 19 61
83 12 4 97 47 46 0 10 34 69 1 36
85 13 58 16 88 43 0 72 50 10 19 59
87 79 40 32 0 17 50 95 5 66 44 11
91 13 22 18 0 5 35 66 11 1 42
92 12 13 22 27 48 32 0 10 62 1
1 21 17 24 19 92 12 41 83 18 98 75 91 52 34 11 61 13 10 36 28 65 30
12 23 21 22 70 27 20 32 17 24 74 35 15 19 62 44 84 92 42 59 29 56 51 83 18 98 6 52 64 9 34 53 11 77 13 80 4 48 7 37 45 72 10 5 31 73 1 47 99 16 8 89 2 43 30 40 50 39 57 26 54 25
19 23 20 17 66 12 29 85 6 71 9 14 11 45 10 5 1 36 99 16 89 67 82 33
28 38 13 90 16 8 97 7 81 32 17 10 9 11 1
30 12 13 16 21 8 86 32 24 10 39 15 61 11 1 46
34 22 20 62 44 12 88 41 83 49 3 76 11 45 55 10 5 1 47 16 60 43 40 50 39 33
36 38 23 32 19 51 83 64 71 48 7 10 5 69 1 16 8 67 86 33
41 21 22 70 66 42 51 3 6 71 34 13 10 68 1 16 60 95 39 54
52 12 78 27 63 7 3 55 10 5 15 14 1 42 77
61 16 97 7 49 32 82 50 10 69 44 30 1
65 94 79 51 49 32 45 6 46 74 10 26 1 42
75 16 7 67 3 73 9 5 10 11 1
98 12 13 29 16 78 54 20 71 15 1
2 12 79 56 78 48 55 72 95 50 31 10 15 39 68 26 54 59
15 21 22 12 78 51 98 3 52 71 9 11 4 37 10 5 68 58 96 8 2 95 30
26 12 13 65 21 78 97 2 18 40 32 6 72 9 5 39 14 11 42
39 12 79 13 80 90 26 2 41 30 18 86 32 72 17 34 63 11 84
48 12 13 90 88 2 7 32 46 10 5 92 11 36
50 87 20 24 12 85 18 34 53 14 11 61 94 55 10 68 58 8 60 2 89 95
55 2 45 17 50 10 5 34 52 11 54
56 12 4 78 96 60 2 43 40 3 45 10 46
59 12 85 51 2 18 6 17 10 31 57 47
68 80 2 41 40 37 3 49 17 50 5 15
72 12 13 90 85 51 2 18 45 6 35 39 26
78 56 26 2 98 49 6 52 15 53 14 11
79 13 99 65 22 2 87 81 10 35 39 57 54 42
95 23 21 88 2 41 87 50 10 15 11
3 22 25 27 20 32 17 24 74 35 15 44 29 90 56 41 18 49 75 52 71 34 53 63 11 13 10 68 46 47 58 67 86 33
20 66 19 62 84 42 12 90 51 98 3 34 53 14 11 13 37 45 10 16 60 43 40 82 50
27 12 38 94 4 8 97 7 18 3 32 17 52 10 5 92 14 46 33
33 21 22 8 27 70 67 40 49 3 32 9 5 10 34 19 36
35 21 24 12 51 18 91 3 6 64 76 63 11 94 4 37 72 10 5 46 79
44 38 70 87 42 12 3 64 34 14 11 61 13 4 81 5 69 58 96 73
46 13 65 56 27 48 7 83 40 3 32 45 24 71 35 76 30
49 66 78 3 6 9 34 14 11 61 13 80 7 37 68 99 65 86 54 33
53 12 16 78 89 20 37 3 50 10 5 14 11 84
58 85 88 15 3 45 50 10 9 5 44 11 77
63 13 16 3 6 52 9 35 39 14 54
67 13 76 86 93 75 3 45 71 10 9 5 19 11 36 33
71 41 67 98 3 46 64 9 15 19 11 84 36
74 12 65 16 8 3 17 24 11 42 25
86 16 67 49 3 32 45 39 30 36
90 13 8 48 20 3 72 5 39 11 28
4 12 94 13 44 56 60 27 83 18 17 24 10 35 15 14 11 84
84 12 4 16 20 71 9 10 39 53 14
94 4 65 22 27 50 10 5 35 57 11
5 21 22 27 87 35 15 19 62 44 12 90 51 88 75 91 52 34 53 14 11 94 80 48 45 55 10 68 69 47 36 58 16 96 97 43 67 82 26 33
16 38 23 22 70 20 32 74 19 62 84 42 12 29 85 41 93 75 98 9 34 53 14 11 63 61 77 13 7 45 10 5 36 28 8 43 86 30
43 12 85 16 56 51 70 76 88 96 20 81 24 10 5 31 34 73 42
45 70 20 17 19 62 12 29 56 6 34 55 72 10 5 46 58 65 16 89 67 86
51 12 59 65 43 41 57 20 6 64 72 5 15 35 14 73 36
62 12 16 70 8 7 20 45 10 5 34 92 14
69 7 83 6 17 24 10 5 61 66 44 36
88 38 58 85 8 48 43 17 95 34 5 66
96 44 56 97 43 7 81 5 15 14 11 42
97 96 27 83 82 61 10 5 14 26 28
6 38 22 17 35 19 42 59 12 78 51 41 18 49 64 76 14 11 63 13 45 72 10 31 69 65 57 26
38 13 16 8 27 88 42 6 64 24 10 36 44 11 28
42 38 23 20 74 44 12 41 91 6 52 11 13 73 79 65 16 96 43 57 26
57 12 79 13 94 22 8 51 6 10 9 59 42
76 23 43 67 93 6 10 9 34 35 14 46
7 27 66 62 12 49 75 52 14 11 61 13 48 10 69 46 36 28 16 96 60 40 82 73 25
40 12 56 26 89 7 87 20 82 17 9 34 68 14 11 46 33
8 38 23 21 25 27 74 15 62 12 90 88 14 11 13 10 36 28 16 50 57 30 33
9 17 24 15 19 84 12 93 49 75 71 76 14 11 63 13 10 31 28 58 99 16 67 40 57 26 54 33
93 13 16 70 67 18 10 9 76 14 11
99 12 79 22 49 32 82 9 66 19 47
77 12 58 16 37 32 52 10 66 11 47
81 79 44 21 96 43 24 10 14 73 28 25
70 12 44 16 22 43 41 93 45 62 14 33
89 12 53 40 37 45 82 50 66 19 47
